100
(0 0 1 0 0),49
(0 0 0 0 0),51
99
(0 0 1 0 0),49
(0 0 0 0 0),50
98
(0 0 1 0 0),53
(0 0 0 0 0),46
97
(0 0 1 0 0),52
(0 0 0 0 0),46
96
(0 0 1 0 0),57
(0 0 0 0 0),42
95
(0 0 1 0 0),56
(0 0 0 0 0),41
94
(0 0 1 0 0),54
(0 0 0 0 0),44
93
(0 0 1 0 0),52
(0 0 0 0 0),45
92
(0 0 1 0 0),49
(0 0 0 0 0),47
91
(0 0 1 0 0),52
(0 0 0 0 0),43
90
(0 0 1 0 0),55
(0 0 0 0 0),43
89
(0 0 1 0 0),55
(0 0 0 0 0),41
88
(0 0 1 0 0),56
(0 0 0 0 0),38
87
(0 0 1 0 0),59
(0 0 0 0 0),36
86
(0 0 1 0 0),63
(0 0 0 0 0),35
85
(0 0 1 0 0),63
(0 0 0 0 0),35
84
(0 0 1 0 0),63
(0 0 0 0 0),34
83
(0 0 1 0 0),60
(0 0 0 0 0),35
82
(0 0 1 0 0),61
(0 0 0 0 0),34
81
(0 0 1 0 0),62
(0 0 0 0 0),35
80
(0 0 1 0 0),64
(0 0 0 0 0),33
79
(0 0 1 0 0),63
(0 0 0 0 0),32
78
(0 0 1 0 0),65
(0 0 0 0 0),30
77
(0 0 1 0 0),67
(0 0 0 0 0),27
76
(0 0 1 0 0),64
(0 0 0 0 0),31
75
(0 0 1 0 0),66
(0 0 0 0 0),29
74
(0 0 1 0 0),73
(0 0 0 0 0),23
73
(0 0 1 0 0),73
(0 0 0 0 0),23
72
(0 0 1 0 0),74
(0 0 0 0 0),20
71
(0 0 1 0 0),75
(0 0 0 0 0),20
70
(0 0 1 0 0),76
(0 0 0 0 0),20
69
(0 0 1 0 0),78
(0 0 0 0 0),16
68
(0 0 1 0 0),77
(0 0 0 0 0),17
67
(0 0 1 0 0),78
(0 0 0 0 0),13
66
(0 0 1 0 0),78
(0 0 0 0 0),13
65
(0 0 1 0 0),80
(0 0 0 0 0),11
64
(0 0 1 0 0),79
(0 0 0 0 0),10
63
(0 0 1 0 0),79
(0 0 0 0 0),8
62
(0 0 1 0 0),79
(0 0 0 0 0),8
61
(0 0 1 0 0),81
(0 1 0 0 0 0 1 0 1),6
60
(0 0 1 0 0),84
59
(0 0 1 0 0),81
58
(0 0 1 0 0),82
(0 0 0 0 0),6
57
(0 0 1 0 0),83
56
(0 0 1 0 0),83
55
(0 0 1 0 0),85
54
(0 0 1 0 0),85
(0 1 0 0 0 0 1 0 1),6
53
(0 0 1 0 0),83
(0 0 0 0 0),6
52
(0 0 1 0 0),83
51
(0 0 1 0 0),83
(0 1 0 0 0 0 1 0 1),6
50
(0 0 1 0 0),82
(0 1 0 0 0 0 1 0 1),7
49
(0 0 1 0 0),82
(0 1 0 0 0 0 1 0 1),8
48
(0 0 1 0 0),86
(0 1 0 0 0 0 1 0 1),8
47
(0 0 1 0 0),82
(0 1 0 0 0 0 1 0 1),11
46
(0 0 1 0 0),81
(0 1 0 0 0 0 1 0 1),8
45
(0 0 1 0 0),78
(0 1 0 0 0 0 1 0 1),10
44
(0 0 1 0 0),82
(0 1 0 0 0 0 1 0 1),9
43
(0 0 1 0 0),82
(0 1 0 0 0 0 1 0 1),7
42
(0 0 1 0 0),84
41
(0 0 1 0 0),82
40
(0 0 1 0 0),84
39
(0 0 1 0 0),80
(0 1 0 1 1 0 1 0 0),6
38
(0 0 1 0 0),80
37
(0 0 1 0 0),82
36
(0 0 1 0 0),82
35
(0 0 1 0 0),81
34
(0 0 1 0 0),84
33
(0 0 1 0 0),83
32
(0 1 0 1 1 0 1 0 1),7
(0 0 1 0 0),84
31
(0 1 0 1 1 0 1 0 1),7
(0 0 1 0 0),82
30
(0 1 0 1 1 0 1 0 1),9
(0 0 1 0 0),79
29
(0 1 0 1 1 0 1 0 1),10
(0 0 1 0 0),84
28
(0 1 0 1 1 0 1 0 1),9
(0 0 1 0 0),81
27
(0 1 0 1 1 0 1 0 1),8
(0 0 1 0 0),85
26
(0 1 0 1 1 0 1 0 1),8
(0 0 1 0 0),83
25
(0 1 0 1 1 0 1 0 1),8
(0 0 1 0 0),82
24
(0 1 0 1 1 0 1 0 1),7
(0 0 1 0 0),80
23
(0 1 0 1 1 0 1 0 1),7
(0 0 1 0 0),80
22
(0 1 0 1 1 0 1 0 1),8
(0 0 1 0 0),82
21
(0 1 0 1 1 0 1 0 1),8
(0 0 1 0 0),80
20
(0 1 0 1 1 0 1 0 1),8
(0 0 1 0 0),82
19
(0 1 0 1 1 0 1 0 1),8
(0 0 1 0 0),82
18
(0 1 0 1 1 0 1 0 1),6
(0 0 1 0 0),84
17
(0 1 0 1 1 0 1 0 1),7
(0 0 1 0 0),85
16
(0 1 0 1 1 0 1 0 1),6
(0 0 1 0 0),86
15
(0 0 1 0 0),89
14
(0 0 1 0 0),88
13
(0 0 1 0 0),90
12
(0 0 1 0 0),88
11
(0 0 1 0 0),87
10
(0 0 1 0 0),92
9
(0 0 1 0 0),93
8
(0 0 1 0 0),90
7
(0 0 1 0 0),88
6
(0 0 1 0 0),90
5
(0 0 1 0 0),89
4
(0 0 1 0 0),91
3
(0 0 1 0 0),93
2
(0 0 1 0 0),92
1
(0 0 1 0 0),93
