1.7760000000000016
1.8559999999999997
1.9200000000000015
2.032000000000002
1.7600000000000002
1.7280000000000009
1.680000000000001
1.680000000000001
1.9040000000000015
1.6320000000000006
1.6480000000000015
1.6800000000000004
1.551999999999999
1.696
1.583999999999999
1.4880000000000004
1.7920000000000007
1.5520000000000003
1.3919999999999997
1.439999999999999
1.7599999999999993
1.4239999999999997
1.4720000000000006
1.327999999999999
1.4079999999999995
1.247999999999999
1.4720000000000002
1.408
1.407999999999999
1.215999999999999
1.311999999999999
1.3119999999999994
1.2479999999999998
1.2159999999999989
1.1999999999999984
1.279999999999999
1.3119999999999994
1.103999999999999
1.0879999999999987
1.2479999999999982
1.1679999999999984
1.071999999999999
1.1839999999999984
1.1999999999999986
1.1999999999999986
1.391999999999999
1.1359999999999986
1.0719999999999987
1.1519999999999981
1.0399999999999985
1.0719999999999985
1.0399999999999987
1.0399999999999983
1.0239999999999987
1.0399999999999985
1.2639999999999982
1.2319999999999984
0.9599999999999984
1.0079999999999985
1.0719999999999985
0.991999999999998
1.0719999999999985
1.0239999999999987
1.0079999999999985
1.0719999999999983
0.9759999999999985
0.9599999999999983
1.1039999999999988
0.9919999999999983
1.1999999999999986
1.0079999999999987
0.9279999999999986
1.1679999999999986
0.9759999999999985
0.9599999999999989
1.0079999999999982
0.9599999999999984
1.0399999999999987
1.0879999999999983
1.0559999999999983
0.9759999999999984
1.0559999999999983
1.0399999999999985
1.1359999999999983
1.0079999999999987
0.9759999999999985
1.1679999999999982
1.1199999999999986
1.0879999999999987
1.1039999999999985
1.0879999999999983
0.9759999999999985
1.1359999999999983
1.0879999999999983
1.0079999999999985
1.183999999999998
1.0399999999999983
0.9439999999999982
1.1519999999999986
1.1679999999999986
1.0239999999999982
0.8959999999999984
0.9759999999999984
1.0079999999999982
0.9599999999999984
1.1039999999999983
1.0079999999999982
1.1039999999999983
0.991999999999998
0.9919999999999983
0.9759999999999982
0.9919999999999982
1.0239999999999982
1.0879999999999983
1.0239999999999982
1.151999999999998
0.9759999999999986
1.1519999999999977
0.9439999999999984
1.183999999999998
1.007999999999998
0.9599999999999986
1.0879999999999983
0.9919999999999987
0.9919999999999984
0.9439999999999985
0.991999999999998
1.1039999999999988
1.023999999999998
0.9439999999999984
1.0079999999999982
1.023999999999998
0.9599999999999984
1.0079999999999982
1.055999999999998
1.0559999999999987
1.0399999999999985
0.9919999999999983
0.9599999999999982
1.087999999999998
0.9599999999999987
1.0879999999999983
1.0559999999999983
0.9919999999999984
1.0399999999999985
1.0079999999999982
1.0399999999999983
0.9759999999999984
1.0559999999999983
1.0079999999999987
1.0719999999999983
1.0559999999999983
1.0879999999999983
1.0399999999999985
1.0559999999999983
1.1519999999999984
0.9279999999999987
1.119999999999998
1.0239999999999982
1.0559999999999983
1.0399999999999987
1.0399999999999983
1.0079999999999985
1.0879999999999979
1.1039999999999979
1.0079999999999982
1.023999999999998
1.0239999999999982
0.9919999999999983
1.0559999999999983
1.0719999999999985
0.9599999999999984
1.0239999999999985
1.0879999999999987
0.9599999999999983
1.0879999999999987
0.9599999999999987
1.0399999999999983
1.0399999999999987
1.0079999999999985
1.0399999999999983
0.9759999999999985
0.9439999999999984
1.0879999999999983
1.0559999999999987
0.9919999999999982
0.9759999999999984
1.1999999999999975
0.991999999999998
0.991999999999998
1.0399999999999983
1.039999999999999
0.9599999999999984
1.0079999999999985
1.0399999999999985
0.9599999999999984
0.9599999999999983
1.0399999999999985
1.0079999999999982
1.0079999999999987
1.055999999999998
0.9759999999999984
1.0879999999999985
1.0559999999999985
1.135999999999998
1.0559999999999983
1.071999999999999
1.0239999999999982
0.9919999999999984
1.0559999999999983
0.9759999999999982
1.0719999999999983
1.1519999999999986
1.0079999999999982
1.0079999999999987
1.071999999999998
0.9919999999999982
1.0399999999999985
1.1039999999999983
1.0239999999999982
1.1359999999999983
1.0879999999999983
0.9119999999999984
1.1679999999999982
0.9759999999999981
1.0079999999999982
1.0239999999999985
0.9759999999999988
1.0559999999999985
0.9919999999999983
0.8799999999999983
1.0399999999999987
1.1839999999999982
1.0239999999999985
1.0719999999999985
1.0559999999999985
0.9279999999999986
1.0879999999999983
0.9439999999999984
1.1199999999999983
0.9279999999999988
1.0719999999999985
1.0719999999999985
1.0079999999999985
1.0079999999999982
0.9599999999999986
1.055999999999998
1.023999999999998
1.0399999999999983
0.8959999999999987
1.1519999999999977
1.0239999999999987
1.2479999999999989
1.2159999999999982
1.1039999999999985
1.1839999999999986
1.055999999999998
1.0079999999999985
1.0879999999999983
1.1999999999999984
1.0399999999999987
1.0239999999999982
0.9439999999999982
0.9759999999999984
1.0079999999999985
1.135999999999998
1.0079999999999982
0.9919999999999984
1.039999999999998
1.0079999999999982
1.119999999999998
1.0719999999999983
1.0239999999999982
1.0719999999999985
0.911999999999998
0.9439999999999985
0.9759999999999984
1.0399999999999978
1.1839999999999986
0.9919999999999982
0.9919999999999982
0.9439999999999982
0.9759999999999982
1.0719999999999985
0.9759999999999984
1.0399999999999983
1.0879999999999983
0.9919999999999987
1.0879999999999983
1.1359999999999981
1.0079999999999982
0.9759999999999986
1.0879999999999985
1.0719999999999983
1.1199999999999979
1.135999999999998
0.9279999999999983
1.103999999999998
0.9279999999999986
0.9919999999999988
1.023999999999998
1.039999999999998
1.039999999999998
1.0879999999999983
1.0879999999999987
0.9279999999999984
1.0399999999999983
0.8959999999999982
1.1359999999999986
1.0879999999999979
0.9919999999999982
0.9279999999999987
0.9919999999999984
1.087999999999999
0.9439999999999982
1.1679999999999984
1.0399999999999985
0.8799999999999986
1.0079999999999985
1.0399999999999983
0.9919999999999984
0.9759999999999985
0.9759999999999986
1.0399999999999985
0.9759999999999984
1.0239999999999982
0.9439999999999982
0.8639999999999983
1.0559999999999983
1.1679999999999986
0.9599999999999987
1.087999999999998
0.9759999999999984
1.087999999999998
0.9919999999999983
0.9599999999999986
0.9279999999999986
1.1679999999999988
1.0079999999999985
0.9759999999999985
1.0559999999999983
0.8799999999999985
0.9919999999999984
1.055999999999998
0.8799999999999985
1.0399999999999983
1.0239999999999982
0.9439999999999982
0.9439999999999982
1.0719999999999983
0.8639999999999982
1.0079999999999985
1.023999999999998
0.8959999999999982
1.0239999999999982
0.9919999999999984
1.0239999999999987
1.0239999999999987
1.1199999999999988
1.0399999999999983
1.0399999999999987
0.9759999999999984
1.0079999999999985
1.1039999999999983
1.023999999999998
1.0399999999999985
0.9439999999999984
1.0559999999999985
1.1199999999999983
1.0239999999999982
1.0079999999999982
0.9279999999999982
1.2159999999999989
1.0239999999999987
1.247999999999998
0.9759999999999984
1.0079999999999982
1.0239999999999985
0.9919999999999982
1.0719999999999985
0.9919999999999984
1.087999999999998
1.0559999999999983
1.1519999999999981
0.9759999999999984
1.0879999999999983
0.9919999999999983
1.2799999999999985
0.9919999999999984
1.023999999999998
1.0719999999999983
0.9919999999999984
1.1519999999999986
0.9599999999999984
0.9279999999999986
1.0399999999999985
1.0239999999999982
1.0719999999999978
1.0719999999999983
1.183999999999998
1.1359999999999981
1.1199999999999988
0.9599999999999983
1.0399999999999983
1.0879999999999987
1.0239999999999982
0.9279999999999983
1.1359999999999986
1.1039999999999983
1.0719999999999983
1.0399999999999985
1.023999999999998
1.1359999999999981
1.1039999999999983
0.9439999999999984
0.9919999999999987
1.103999999999999
1.1199999999999977
1.0399999999999983
1.167999999999998
1.1039999999999985
1.0239999999999982
1.0719999999999985
1.0239999999999982
0.9119999999999985
1.007999999999999
1.0079999999999982
1.0079999999999985
1.0879999999999983
0.959999999999998
0.9599999999999982
1.0879999999999983
1.1679999999999984
1.023999999999998
1.1519999999999981
1.0239999999999987
0.9759999999999982
1.0079999999999982
0.9759999999999986
0.9439999999999982
1.0399999999999985
1.0079999999999982
1.1039999999999988
1.1039999999999985
1.1199999999999983
0.9919999999999984
0.9759999999999984
0.9599999999999989
1.0719999999999985
1.0399999999999985
1.0239999999999987
0.9119999999999984
1.0879999999999983
1.087999999999998
0.9439999999999984
1.0559999999999985
1.0239999999999987
1.0079999999999987
1.1199999999999979
0.9279999999999983
0.9599999999999983
1.0079999999999982
1.0559999999999983
0.9919999999999983
1.0239999999999982
1.0399999999999985
0.9439999999999984
1.0079999999999987
1.0719999999999978
0.9439999999999986
1.0399999999999985
0.8799999999999983
1.0399999999999985
1.0079999999999985
1.0879999999999983
1.0399999999999985
1.0879999999999983
1.055999999999998
1.0559999999999985
1.0719999999999983
1.0239999999999982
1.151999999999998
1.0719999999999985
1.0559999999999983
1.0559999999999983
1.0399999999999985
0.991999999999998
0.9919999999999984
0.9279999999999984
1.1039999999999983
0.9439999999999981
1.0559999999999983
1.1359999999999986
0.9919999999999983
1.0079999999999982
1.0719999999999983
1.0879999999999983
1.0079999999999985
0.9919999999999987
0.9599999999999984
1.0559999999999983
0.9919999999999982
0.9439999999999985
1.0239999999999982
0.9279999999999986
0.8799999999999987
1.0719999999999985
1.071999999999998
0.9919999999999983
1.0559999999999987
1.0399999999999983
0.9599999999999982
1.0399999999999985
0.9439999999999984
1.055999999999998
1.0399999999999983
0.9599999999999986
0.9919999999999987
1.0399999999999985
0.9599999999999986
0.9919999999999984
0.991999999999998
1.0399999999999985
0.943999999999998
0.9599999999999986
1.0079999999999985
1.0079999999999982
0.9599999999999982
1.0399999999999985
1.135999999999998
0.9439999999999984
1.135999999999998
1.055999999999998
1.0399999999999983
0.8799999999999986
1.0079999999999985
0.9759999999999984
0.9439999999999985
0.9439999999999982
0.9759999999999988
1.0239999999999982
0.9919999999999983
1.0079999999999985
1.1199999999999983
1.0079999999999985
1.0239999999999987
1.0079999999999982
1.0879999999999983
0.9919999999999987
0.9279999999999983
1.0399999999999983
0.9119999999999985
1.0719999999999983
1.0239999999999987
1.0079999999999982
1.0399999999999983
0.9279999999999984
1.0879999999999983
0.9759999999999984
0.9119999999999984
0.9919999999999983
0.9919999999999988
0.9279999999999983
0.9919999999999982
1.0719999999999985
1.0079999999999985
0.9279999999999987
1.0719999999999978
0.9599999999999984
0.9279999999999984
0.8959999999999986
1.1359999999999983
1.0239999999999982
0.9439999999999984
1.0559999999999983
0.9599999999999982
1.0719999999999985
0.9919999999999983
1.055999999999998
0.9279999999999984
0.9759999999999984
0.9919999999999987
1.0239999999999985
1.0399999999999987
1.1199999999999983
0.9439999999999985
0.9279999999999984
0.9279999999999987
0.9919999999999987
1.007999999999999
1.0399999999999985
1.1039999999999979
1.0879999999999987
1.0559999999999985
1.0399999999999985
1.103999999999998
1.0079999999999985
1.0719999999999987
0.9599999999999984
1.0879999999999987
1.135999999999998
1.071999999999998
1.0079999999999982
0.9919999999999983
0.9439999999999984
1.0559999999999987
0.9919999999999984
1.0079999999999985
0.9759999999999984
0.9919999999999983
1.0399999999999983
1.1519999999999981
0.9919999999999987
1.0079999999999982
1.1199999999999983
1.007999999999998
1.0399999999999985
1.0879999999999985
1.0719999999999987
0.9439999999999982
0.9759999999999984
1.0079999999999982
1.023999999999998
1.0559999999999983
0.9919999999999982
1.0239999999999985
1.0559999999999985
0.8959999999999984
1.1039999999999983
0.9599999999999986
1.0559999999999983
1.055999999999998
1.1039999999999985
1.023999999999998
1.0399999999999983
1.0399999999999985
1.087999999999998
0.9599999999999984
0.9919999999999988
0.9759999999999984
1.0559999999999983
0.9759999999999984
1.0079999999999985
1.0879999999999985
0.9119999999999989
0.8959999999999989
1.055999999999998
1.087999999999998
1.1039999999999983
0.9919999999999984
0.9759999999999988
1.1039999999999983
0.9919999999999983
1.1519999999999988
1.1039999999999988
1.0239999999999985
1.119999999999998
1.0239999999999985
0.9759999999999982
1.0719999999999983
1.0079999999999982
1.0559999999999983
1.0719999999999985
1.0079999999999982
0.9439999999999981
1.071999999999998
0.9119999999999985
0.9599999999999987
1.0719999999999985
0.8799999999999983
1.0079999999999985
0.8959999999999984
0.9759999999999985
1.0079999999999985
1.0719999999999987
1.1359999999999981
1.0559999999999983
1.0239999999999985
0.9759999999999981
1.0879999999999985
0.9919999999999983
0.9759999999999985
0.9919999999999983
0.9439999999999985
1.0079999999999982
0.9599999999999983
1.1359999999999988
0.9599999999999986
0.9919999999999988
1.0719999999999983
1.0879999999999983
1.039999999999998
1.0399999999999983
0.9599999999999982
1.0079999999999985
0.9119999999999984
1.0879999999999985
1.0879999999999983
0.9439999999999984
0.9599999999999987
1.1839999999999988
1.1039999999999979
0.9439999999999985
1.0559999999999985
0.9599999999999984
0.9439999999999984
0.9759999999999988
1.1359999999999983
1.103999999999998
0.9919999999999984
0.8799999999999986
0.9599999999999984
0.9599999999999987
0.9599999999999986
1.0079999999999982
0.9919999999999988
1.0879999999999987
0.9759999999999985
0.959999999999998
0.9279999999999986
1.2159999999999982
1.1039999999999983
1.0239999999999982
0.9439999999999984
1.1359999999999983
1.0239999999999982
1.0879999999999983
1.0879999999999985
1.1199999999999986
1.0559999999999983
1.0079999999999982
1.0239999999999987
0.9279999999999984
0.9759999999999984
1.0079999999999985
1.119999999999999
1.1039999999999983
1.0399999999999985
1.1199999999999986
1.0239999999999982
0.9599999999999986
1.0879999999999983
1.0879999999999979
1.0399999999999983
0.9599999999999982
1.119999999999998
1.0239999999999985
1.0079999999999985
1.0079999999999987
1.007999999999998
0.9599999999999984
1.0239999999999985
0.9759999999999985
1.1359999999999981
0.9919999999999983
0.8959999999999986
1.0719999999999983
0.9759999999999984
1.0079999999999985
1.0079999999999987
1.0719999999999987
1.1519999999999984
1.055999999999998
0.9919999999999984
1.0239999999999985
0.9919999999999988
0.9919999999999984
1.0399999999999985
0.9599999999999987
1.1519999999999981
1.0079999999999982
0.9279999999999984
1.0719999999999983
1.039999999999999
1.0239999999999982
1.1039999999999979
0.9759999999999984
1.0879999999999987
1.0399999999999987
0.9919999999999987
1.0719999999999985
0.9599999999999982
1.0879999999999987
1.0719999999999983
0.9759999999999984
1.071999999999999
1.023999999999998
0.9279999999999983
1.071999999999999
1.2159999999999984
0.9759999999999984
1.087999999999998
1.0079999999999982
1.0079999999999985
0.9759999999999985
0.8959999999999986
1.0399999999999985
1.0879999999999979
1.0239999999999985
1.023999999999999
1.0079999999999982
1.0399999999999983
1.0079999999999985
0.9439999999999986
0.9119999999999984
1.0239999999999982
0.9759999999999986
0.9919999999999984
1.055999999999998
1.0719999999999983
0.9119999999999985
0.9279999999999984
1.0559999999999985
1.0079999999999982
1.1839999999999988
1.0079999999999985
0.9759999999999982
0.9119999999999987
0.9759999999999984
1.135999999999998
0.9439999999999981
0.9759999999999982
1.0399999999999978
0.9919999999999984
1.119999999999998
0.9919999999999982
0.991999999999998
0.9119999999999986
1.0719999999999983
0.975999999999998
1.0559999999999983
0.9919999999999987
0.8959999999999981
0.9279999999999982
1.0559999999999985
1.1359999999999981
1.0079999999999982
1.0559999999999983
1.1039999999999983
0.9919999999999983
1.0559999999999983
1.2319999999999989
0.9919999999999987
1.0239999999999987
1.0079999999999982
0.9759999999999984
0.9919999999999982
0.9599999999999986
0.9279999999999986
1.0399999999999985
1.1999999999999984
0.9279999999999986
1.0879999999999983
1.0719999999999987
0.9279999999999987
0.9919999999999982
1.1839999999999982
1.0399999999999983
1.039999999999999
1.039999999999999
1.0559999999999987
1.0719999999999983
0.9599999999999982
1.0079999999999985
1.0079999999999985
1.039999999999998
0.9919999999999984
1.1359999999999983
1.0239999999999987
1.0879999999999983
0.9919999999999984
0.9919999999999983
0.9279999999999982
1.1199999999999983
1.1039999999999983
0.9919999999999987
1.199999999999998
1.0399999999999985
1.1039999999999983
0.9919999999999988
1.0239999999999985
1.0399999999999985
1.1039999999999985
1.0879999999999983
1.0559999999999983
0.9279999999999982
1.2159999999999989
1.023999999999999
0.9119999999999986
1.023999999999998
0.9279999999999984
1.039999999999999
1.167999999999998
0.9599999999999983
1.0239999999999982
0.8959999999999987
1.055999999999998
1.0079999999999982
0.9919999999999989
0.9599999999999983
0.8639999999999982
1.103999999999998
1.0719999999999978
1.071999999999999
0.9599999999999984
1.0559999999999985
1.0399999999999985
1.0559999999999987
1.0079999999999982
1.0239999999999985
0.9759999999999986
1.0079999999999982
0.9119999999999984
1.167999999999998
0.9919999999999983
1.0399999999999983
0.9759999999999986
0.9919999999999984
1.0559999999999983
1.0879999999999985
0.9759999999999984
0.9759999999999985
0.9919999999999987
1.0399999999999985
0.9439999999999984
1.2159999999999984
1.039999999999998
1.0399999999999987
1.0879999999999976
0.9119999999999985
0.9599999999999984
1.0559999999999985
0.9439999999999985
0.9759999999999986
0.9279999999999984
0.9119999999999981
1.0079999999999982
1.0719999999999983
1.1199999999999986
1.1359999999999986
1.0879999999999983
1.1359999999999983
1.1039999999999983
1.0719999999999985
1.0719999999999987
1.007999999999998
1.0239999999999987
1.1519999999999984
0.9599999999999982
0.9919999999999983
0.9279999999999986
1.0239999999999985
0.9759999999999985
1.0399999999999985
1.0559999999999983
1.007999999999998
1.0079999999999982
0.9919999999999984
1.1039999999999985
0.9599999999999986
1.0239999999999987
1.1359999999999983
1.1039999999999985
0.9759999999999984
1.0399999999999985
1.0239999999999985
0.9279999999999984
1.071999999999998
1.1199999999999983
1.071999999999998
0.8959999999999987
1.0399999999999985
1.0559999999999983
1.1039999999999985
0.9599999999999982
1.0879999999999983
0.9919999999999984
1.0399999999999987
0.9599999999999984
1.2479999999999982
0.9759999999999986
1.0559999999999983
1.1679999999999982
0.8959999999999982
0.9279999999999984
1.0399999999999983
1.0079999999999982
0.9439999999999985
1.0079999999999982
0.9119999999999985
0.8639999999999982
0.9439999999999985
1.0879999999999983
1.039999999999998
0.9759999999999985
1.0399999999999985
0.9919999999999983
1.0399999999999985
1.0079999999999987
1.1519999999999981
1.023999999999998
0.8799999999999987
1.0239999999999982
1.055999999999998
1.0399999999999985
1.119999999999998
0.9279999999999988
1.087999999999998
1.0559999999999987
0.9439999999999984
0.9439999999999986
1.0079999999999987
0.9599999999999987
1.0879999999999987
0.9919999999999982
0.9279999999999986
0.9919999999999983
0.9439999999999985
1.0079999999999985
1.0239999999999987
1.0079999999999982
0.9439999999999985
1.0079999999999982
0.9759999999999985
0.9439999999999986
0.9599999999999982
0.9119999999999981
1.0719999999999983
1.0079999999999982
0.9439999999999981
0.9119999999999989
1.0079999999999987
1.0239999999999982
0.8639999999999983
0.9279999999999986
1.0559999999999985
0.9599999999999983
0.991999999999998
1.1359999999999986
1.0079999999999985
1.023999999999998
0.9919999999999984
1.0719999999999985
1.071999999999998
1.007999999999998
1.0719999999999985
1.0239999999999987
1.0239999999999987
1.0399999999999987
0.9599999999999987
0.9759999999999984
1.0239999999999982
0.9759999999999988
1.0079999999999978
1.0559999999999985
1.0559999999999983
1.0239999999999987
0.9439999999999984
1.0239999999999982
1.0079999999999982
1.0079999999999978
1.055999999999998
0.8799999999999983
1.1519999999999986
0.9279999999999986
0.9759999999999982
1.0239999999999985
0.9439999999999985
1.055999999999998
0.9759999999999984
1.039999999999998
0.911999999999998
0.9919999999999983
0.9919999999999984
1.0719999999999985
0.9119999999999985
0.991999999999998
0.9759999999999981
0.9279999999999988
0.9439999999999981
1.0719999999999983
1.0239999999999987
0.9599999999999984
1.119999999999998
1.055999999999998
1.1839999999999988
0.991999999999998
0.9439999999999984
1.0239999999999985
0.9919999999999982
0.9759999999999988
1.0079999999999987
1.0399999999999987
1.0239999999999982
1.0719999999999983
0.9119999999999987
1.0239999999999985
0.9599999999999984
0.9599999999999984
1.023999999999998
0.9599999999999986
0.9439999999999985
1.055999999999998
1.0239999999999982
1.0559999999999983
0.9759999999999985
0.9919999999999988
0.9439999999999984
1.0239999999999985
0.9279999999999988
0.9279999999999982
0.9759999999999985
0.9439999999999986
1.0559999999999987
0.9439999999999984
0.8959999999999984
1.1359999999999983
0.9919999999999982
1.0079999999999985
1.0559999999999983
0.991999999999998
0.8799999999999985
1.0879999999999983
1.0239999999999985
1.0079999999999985
1.0559999999999978
0.9279999999999986
1.1039999999999979
1.0559999999999983
0.9599999999999987
1.0079999999999982
0.9759999999999984
1.0559999999999983
0.9599999999999984
0.9599999999999986
1.0399999999999987
0.9599999999999986
1.055999999999998
0.9759999999999984
0.9439999999999984
0.9919999999999984
1.0239999999999985
0.8799999999999986
0.9439999999999985
1.0879999999999983
1.007999999999999
0.9759999999999985
0.9759999999999985
1.0079999999999985
1.0079999999999985
1.0079999999999982
0.9279999999999983
1.071999999999998
1.0559999999999983
0.9439999999999985
0.9599999999999984
0.9759999999999982
0.8639999999999987
0.9439999999999986
0.9599999999999983
0.9759999999999985
1.0719999999999985
1.0559999999999987
0.9439999999999982
1.087999999999998
0.9279999999999987
1.023999999999998
1.0079999999999985
0.9599999999999984
0.9759999999999986
1.039999999999999
0.9439999999999984
0.9119999999999984
1.0399999999999985
1.1519999999999981
1.0079999999999982
1.0079999999999985
0.9279999999999986
0.9119999999999985
1.0399999999999985
0.9279999999999986
1.0719999999999985
1.0879999999999985
0.9439999999999982
0.975999999999999
1.0559999999999983
0.9439999999999984
0.8799999999999986
1.0239999999999987
1.0719999999999983
1.0719999999999983
0.9599999999999983
1.071999999999998
0.9439999999999984
0.9919999999999983
1.0239999999999987
0.8799999999999986
0.9759999999999988
1.0239999999999982
0.9759999999999985
0.9279999999999988
1.0079999999999982
1.087999999999998
1.055999999999998
1.1199999999999988
0.9759999999999988
0.9119999999999987
1.1039999999999983
0.9759999999999988
0.9279999999999984
0.9919999999999979
0.9119999999999984
1.0079999999999982
1.1039999999999985
1.0399999999999985
1.0399999999999983
0.9759999999999981
1.0239999999999987
1.0559999999999985
0.9439999999999981
1.0399999999999978
0.9919999999999987
1.0719999999999985
1.0239999999999982
1.0239999999999982
1.0559999999999983
1.1199999999999977
1.0559999999999983
1.0559999999999987
0.9439999999999984
1.0079999999999985
0.9439999999999985
1.0399999999999983
1.039999999999999
0.9279999999999982
1.1199999999999986
0.975999999999998
0.9599999999999984
1.023999999999998
1.0559999999999983
0.9119999999999981
0.9439999999999982
1.087999999999998
1.0719999999999983
0.9439999999999985
0.9759999999999988
0.991999999999998
1.0079999999999985
0.8959999999999986
0.9599999999999983
0.9759999999999982
0.9439999999999982
1.0559999999999983
0.9599999999999984
1.0719999999999985
1.0719999999999983
0.9919999999999982
0.9119999999999981
1.0879999999999983
1.1039999999999983
0.9759999999999984
1.0239999999999985
1.1039999999999985
1.0719999999999983
1.0239999999999982
1.1199999999999988
0.9439999999999981
0.9759999999999981
1.0239999999999982
0.8959999999999986
1.0239999999999985
1.0719999999999985
0.8959999999999986
1.0399999999999985
1.0079999999999987
0.9599999999999987
0.9599999999999984
1.087999999999998
0.991999999999998
1.167999999999998
1.071999999999998
1.1039999999999988
1.0079999999999982
1.055999999999998
1.0079999999999985
0.9919999999999983
1.0719999999999985
0.9119999999999985
1.071999999999998
1.055999999999998
0.9119999999999985
1.0399999999999987
1.0079999999999987
1.0239999999999987
0.9759999999999985
0.9919999999999983
0.8799999999999985
1.0719999999999983
0.991999999999998
0.9759999999999985
1.1199999999999979
1.103999999999998
1.0079999999999985
1.1039999999999983
1.1039999999999988
1.0239999999999985
1.0719999999999985
0.9119999999999984
1.0719999999999985
0.9119999999999986
1.0559999999999983
0.8799999999999983
0.8799999999999985
0.9279999999999984
1.0879999999999983
0.9279999999999984
1.0399999999999985
1.0079999999999982
1.0079999999999982
0.9599999999999984
0.9919999999999984
0.9919999999999983
1.0559999999999987
0.9599999999999986
0.8959999999999986
0.9279999999999982
0.9759999999999981
1.039999999999998
0.9439999999999984
0.9599999999999987
0.9919999999999984
0.9119999999999986
0.9439999999999986
1.0239999999999982
0.9759999999999984
1.0079999999999985
0.9599999999999984
0.9279999999999987
0.9759999999999984
0.9439999999999985
0.9919999999999987
1.0559999999999983
1.023999999999998
1.0719999999999983
0.9919999999999988
0.9759999999999982
1.0399999999999985
1.0239999999999985
1.0079999999999985
0.9439999999999984
1.0399999999999985
1.0399999999999985
1.0239999999999982
0.9919999999999987
1.0239999999999985
0.9439999999999982
0.9439999999999987
1.055999999999998
1.0559999999999985
1.0239999999999985
1.0719999999999983
0.9919999999999982
0.8959999999999982
0.9439999999999987
1.0559999999999987
0.9919999999999983
0.9599999999999989
0.9599999999999983
1.1199999999999986
1.1359999999999983
0.9279999999999983
1.1519999999999984
0.9759999999999988
0.9919999999999987
1.0239999999999982
1.0239999999999982
1.0399999999999985
1.007999999999999
0.9599999999999982
1.1679999999999986
1.0079999999999987
0.9279999999999978
0.9919999999999988
0.9119999999999984
0.943999999999999
1.0879999999999983
1.151999999999998
0.9279999999999983
0.9439999999999981
0.9759999999999982
1.0399999999999987
1.007999999999999
0.991999999999998
1.071999999999999
1.0399999999999985
0.9279999999999986
1.0559999999999983
0.9599999999999986
0.9759999999999986
1.0719999999999985
1.0079999999999987
0.9919999999999984
1.023999999999998
0.8959999999999986
1.1679999999999988
1.071999999999998
1.1199999999999988
1.0559999999999983
1.087999999999998
1.0559999999999983
0.9759999999999986
1.0719999999999983
1.0239999999999982
1.0239999999999987
0.9599999999999986
1.023999999999998
0.9119999999999984
0.9439999999999985
1.0399999999999978
0.9919999999999984
0.9759999999999985
0.9599999999999983
0.9119999999999985
1.0079999999999982
0.9439999999999986
1.1519999999999984
1.0559999999999983
1.0239999999999982
1.0399999999999987
1.007999999999998
0.9919999999999983
0.8959999999999987
1.071999999999998
1.1199999999999988
1.0719999999999978
0.9119999999999984
0.9919999999999983
0.9599999999999987
0.9279999999999983
1.0239999999999982
1.0879999999999985
0.9439999999999982
0.9279999999999984
1.0399999999999985
0.9439999999999985
1.0079999999999985
1.071999999999998
0.9439999999999984
0.9599999999999984
1.007999999999999
0.9439999999999984
1.0079999999999982
0.9599999999999984
1.0719999999999983
0.9599999999999986
0.9919999999999987
0.9439999999999984
0.9599999999999984
1.0239999999999985
0.9759999999999982
1.0079999999999982
1.0399999999999985
0.9119999999999984
0.975999999999999
1.0239999999999985
1.0239999999999987
0.9919999999999984
0.9599999999999987
0.9439999999999981
1.0399999999999987
1.0399999999999985
1.119999999999998
0.9759999999999986
0.9599999999999984
0.9759999999999982
1.0079999999999985
1.1519999999999988
1.023999999999998
1.0079999999999982
1.0239999999999982
0.9439999999999982
1.0239999999999985
1.0399999999999985
0.991999999999998
1.0079999999999982
1.0559999999999985
1.0239999999999985
0.9599999999999984
0.9919999999999982
1.0879999999999987
0.9119999999999984
0.9439999999999982
0.9599999999999986
0.9759999999999984
0.9599999999999984
0.9439999999999984
0.9919999999999983
0.9599999999999982
1.0079999999999985
1.1199999999999988
0.9919999999999987
0.9759999999999982
1.0079999999999985
1.0399999999999985
0.9439999999999981
0.9439999999999984
0.9759999999999986
1.0239999999999987
0.9119999999999981
0.9439999999999987
0.9759999999999981
1.119999999999998
0.9279999999999983
1.0879999999999987
0.9599999999999982
0.9919999999999984
0.9439999999999985
1.0399999999999985
0.9919999999999984
0.9119999999999986
0.9279999999999984
1.0399999999999985
0.9919999999999982
1.0399999999999985
1.0079999999999985
0.8799999999999985
0.9599999999999987
1.1999999999999984
1.0399999999999978
0.9439999999999982
0.9919999999999982
0.9919999999999984
0.9599999999999984
1.0879999999999983
0.9919999999999983
1.1519999999999992
1.0079999999999985
0.9279999999999984
1.1039999999999979
0.9439999999999985
1.0399999999999985
0.9599999999999983
0.9919999999999987
0.9759999999999981
1.1839999999999982
1.0559999999999985
0.8959999999999987
0.9439999999999985
0.8479999999999984
0.9439999999999982
0.9919999999999983
1.0239999999999982
1.055999999999999
1.0239999999999982
1.0239999999999985
1.0239999999999982
0.9279999999999983
1.0079999999999985
0.9279999999999984
0.9759999999999982
1.0239999999999987
1.0239999999999987
0.9759999999999981
0.9439999999999981
0.9919999999999984
0.9599999999999982
1.0559999999999983
0.9919999999999982
1.0079999999999985
1.0079999999999985
0.9439999999999984
1.0879999999999983
1.007999999999998
0.8799999999999981
1.1999999999999977
0.9759999999999985
0.9759999999999982
1.0879999999999983
1.0239999999999982
1.023999999999998
1.0399999999999983
0.9919999999999984
1.087999999999998
0.9759999999999985
1.0079999999999982
1.0399999999999983
0.9919999999999987
0.9759999999999982
1.0719999999999983
1.0559999999999985
0.9439999999999987
1.0239999999999987
0.9599999999999983
0.9919999999999989
1.1679999999999982
0.9599999999999986
1.0399999999999983
1.0079999999999985
0.9919999999999983
0.9599999999999984
1.0559999999999983
0.9919999999999987
1.023999999999998
0.9759999999999984
1.0079999999999985
1.007999999999998
0.8799999999999985
0.9119999999999986
0.9599999999999984
0.9599999999999986
0.9279999999999986
1.0079999999999985
0.9439999999999984
1.0879999999999983
0.9919999999999988
1.0399999999999985
1.0719999999999987
1.1039999999999983
0.8639999999999987
1.0879999999999985
0.9919999999999984
1.007999999999998
0.9759999999999982
1.0239999999999982
0.9599999999999986
1.1039999999999985
1.1999999999999984
0.9119999999999984
1.0239999999999985
0.9919999999999989
1.0399999999999985
1.0719999999999985
0.9759999999999985
1.0079999999999985
1.0239999999999987
1.0399999999999983
1.007999999999998
0.9599999999999984
1.0079999999999985
1.0079999999999985
1.0079999999999987
0.9919999999999987
0.9919999999999987
0.9919999999999984
1.055999999999998
1.0719999999999983
0.9919999999999987
0.9439999999999982
1.0079999999999985
0.9279999999999984
1.119999999999998
0.9119999999999986
0.9919999999999983
0.9279999999999987
0.9919999999999982
0.9599999999999987
1.0879999999999985
0.9119999999999987
0.9279999999999987
1.0079999999999985
1.0239999999999987
1.0399999999999985
1.0079999999999985
0.9439999999999986
1.0399999999999987
1.0879999999999987
1.1679999999999986
0.9279999999999984
1.023999999999998
0.9759999999999982
1.0879999999999983
1.0239999999999987
0.9759999999999985
1.0559999999999987
1.087999999999998
1.0879999999999985
1.0239999999999982
0.9919999999999987
1.007999999999999
1.0879999999999979
0.9919999999999988
0.9599999999999984
1.0879999999999985
1.055999999999998
0.9919999999999982
0.9599999999999986
1.0559999999999983
0.9919999999999987
1.0079999999999985
1.0399999999999983
0.9439999999999984
0.9439999999999985
1.1839999999999988
1.1199999999999986
1.0719999999999985
1.0079999999999982
0.9919999999999982
0.943999999999998
1.0399999999999985
0.9439999999999984
1.0239999999999987
1.0239999999999985
1.0559999999999983
0.9119999999999985
0.9439999999999986
0.9599999999999986
1.071999999999999
0.9759999999999985
0.9279999999999983
1.0719999999999983
0.9599999999999986
0.9919999999999983
0.8959999999999984
1.0079999999999985
1.087999999999998
1.0399999999999985
0.9919999999999983
0.9599999999999983
1.0239999999999985
1.0559999999999983
1.039999999999998
0.9759999999999982
1.0559999999999983
0.9919999999999987
0.8959999999999981
1.0239999999999982
0.9759999999999984
1.0879999999999983
1.0239999999999987
0.8799999999999981
1.0079999999999985
1.1199999999999988
1.0399999999999983
1.0399999999999985
1.1039999999999983
1.007999999999998
1.0239999999999982
0.9599999999999984
1.0079999999999982
1.023999999999998
1.071999999999999
0.9279999999999982
1.0239999999999987
0.9439999999999985
1.1199999999999986
0.9599999999999984
1.0399999999999983
1.1039999999999985
0.9759999999999982
0.8799999999999983
0.9919999999999987
0.9919999999999984
1.0879999999999985
0.9919999999999982
1.023999999999999
0.9599999999999984
0.9439999999999985
1.0399999999999985
1.0079999999999982
0.9279999999999986
0.9439999999999982
0.9439999999999985
1.0559999999999983
1.0719999999999983
1.1199999999999983
0.9759999999999985
1.0079999999999987
0.9279999999999983
1.0079999999999985
0.9279999999999982
1.0079999999999987
0.9119999999999984
1.1039999999999983
0.959999999999999
0.8959999999999984
0.8959999999999984
0.9279999999999984
0.9119999999999985
0.9759999999999985
1.0079999999999985
1.0399999999999983
0.9919999999999988
0.9279999999999987
1.103999999999998
1.0239999999999982
0.9759999999999986
0.9759999999999982
0.9759999999999985
0.9599999999999982
0.9119999999999986
0.9599999999999986
1.071999999999998
0.9599999999999986
0.9919999999999987
1.2159999999999984
0.9919999999999983
1.1519999999999981
1.1039999999999985
0.9919999999999983
1.0559999999999985
1.023999999999998
1.2639999999999985
1.1199999999999979
0.8959999999999984
0.9439999999999984
1.0079999999999982
1.0719999999999985
0.9759999999999982
0.9119999999999981
1.0719999999999983
0.9759999999999981
0.9439999999999985
0.8959999999999984
0.9439999999999985
1.0559999999999983
0.9599999999999983
1.1039999999999983
0.9919999999999983
1.0719999999999987
1.0879999999999983
0.9599999999999989
0.9439999999999982
1.0719999999999985
1.1359999999999983
1.0559999999999987
0.9599999999999983
1.087999999999998
0.9439999999999985
1.0559999999999985
1.0079999999999982
1.0719999999999983
1.0399999999999983
1.007999999999998
1.0239999999999982
1.071999999999999
0.9919999999999988
0.9439999999999986
1.0559999999999983
1.039999999999998
1.087999999999998
1.0559999999999983
0.991999999999998
1.0399999999999985
1.0719999999999987
1.0079999999999985
0.9119999999999987
1.1199999999999986
0.9279999999999983
1.1039999999999979
1.0079999999999985
0.9119999999999981
1.0239999999999982
0.9599999999999983
1.0079999999999982
0.9439999999999987
0.9919999999999982
0.9279999999999987
1.0559999999999985
1.0079999999999985
1.0559999999999985
0.9599999999999984
1.1519999999999986
1.0399999999999983
1.0399999999999983
1.1359999999999983
0.9279999999999983
1.0559999999999985
0.9599999999999986
1.1039999999999988
1.0239999999999982
1.0079999999999985
1.0239999999999982
0.9279999999999988
1.0239999999999982
1.0559999999999983
0.9919999999999982
1.023999999999998
0.9599999999999984
0.9439999999999984
1.0399999999999983
1.0079999999999985
1.0559999999999987
0.9119999999999989
0.9599999999999986
1.1199999999999983
0.8959999999999982
1.0399999999999983
1.0079999999999982
0.9439999999999985
0.9599999999999982
1.0239999999999982
1.0079999999999982
1.0239999999999982
0.9919999999999987
0.9599999999999987
0.9279999999999987
0.9439999999999985
0.9439999999999984
1.0399999999999983
0.9439999999999987
0.9759999999999984
0.9599999999999984
0.9119999999999981
0.9599999999999983
1.0399999999999983
1.0079999999999982
1.0239999999999982
0.9119999999999986
0.9599999999999982
0.8799999999999986
1.0719999999999985
1.119999999999998
1.0559999999999987
1.1519999999999992
1.1039999999999985
0.9759999999999981
0.9599999999999984
0.9759999999999988
0.9279999999999987
0.9599999999999987
0.9599999999999983
0.9919999999999984
1.0719999999999983
0.911999999999998
1.0079999999999987
1.0239999999999982
0.9919999999999984
1.2159999999999984
0.9439999999999982
1.007999999999999
0.9919999999999989
0.9279999999999984
0.9919999999999982
0.9439999999999982
1.0879999999999985
1.0879999999999976
0.9919999999999984
0.8959999999999984
1.119999999999998
0.9599999999999984
0.9279999999999984
1.0879999999999983
0.9119999999999984
0.9119999999999985
1.1839999999999986
0.9439999999999982
0.9919999999999983
1.0719999999999985
1.0719999999999983
0.9439999999999981
1.1519999999999984
1.023999999999998
0.9759999999999984
1.0559999999999978
1.0559999999999983
1.0079999999999982
1.0239999999999982
0.9599999999999986
1.0399999999999985
0.9119999999999987
0.9599999999999983
0.9759999999999981
0.9599999999999984
0.9279999999999983
1.023999999999999
0.9919999999999982
0.9919999999999983
1.0879999999999983
1.0399999999999983
1.0079999999999985
1.0239999999999985
0.9599999999999983
0.9759999999999982
0.9759999999999982
1.0559999999999985
0.9279999999999988
0.9119999999999984
1.167999999999999
0.9599999999999984
0.9439999999999982
1.055999999999998
0.8639999999999982
0.9599999999999987
1.1519999999999984
1.0399999999999983
1.087999999999998
0.9439999999999985
0.9599999999999982
1.0879999999999987
1.1039999999999985
1.1039999999999988
0.9599999999999983
0.9759999999999982
0.9439999999999984
0.9599999999999983
1.0239999999999978
0.9439999999999984
1.023999999999998
0.9279999999999987
0.9919999999999984
1.1199999999999979
0.9599999999999984
1.0079999999999982
0.9919999999999982
0.9599999999999983
0.9919999999999984
1.0079999999999985
0.9919999999999983
1.0399999999999983
1.167999999999998
0.8959999999999986
1.0719999999999983
1.0559999999999987
1.0399999999999985
0.9279999999999986
0.9919999999999983
0.9439999999999985
0.9919999999999987
0.8799999999999985
1.0719999999999983
1.0399999999999983
1.0879999999999985
1.0559999999999983
0.9919999999999984
0.9919999999999983
1.1999999999999984
0.9599999999999982
1.0239999999999987
1.0239999999999982
0.9439999999999982
1.0399999999999983
1.0239999999999982
1.1199999999999979
1.0079999999999985
0.9119999999999981
1.0559999999999987
1.023999999999998
1.0879999999999983
0.8799999999999986
1.0079999999999982
1.0079999999999982
0.9919999999999982
1.0079999999999985
0.9439999999999982
1.1519999999999988
0.9119999999999987
1.1199999999999988
1.055999999999998
1.0239999999999985
0.9759999999999985
1.0239999999999982
0.8959999999999984
1.055999999999998
1.0879999999999979
0.9439999999999986
0.9599999999999982
1.0079999999999985
1.0879999999999985
0.9279999999999982
1.0399999999999983
1.1679999999999982
1.1039999999999983
1.071999999999998
0.991999999999998
0.9279999999999982
1.0559999999999985
1.0239999999999982
1.183999999999998
1.0399999999999985
0.9759999999999982
1.0879999999999987
0.9279999999999986
0.8959999999999984
0.9119999999999987
0.9599999999999984
1.0239999999999982
0.9599999999999987
0.9279999999999983
0.9119999999999981
1.055999999999998
1.1359999999999986
1.1039999999999983
1.0239999999999982
0.9759999999999985
0.8799999999999983
0.9919999999999987
0.9759999999999986
1.0239999999999982
1.0239999999999982
0.8799999999999985
1.0719999999999983
0.9599999999999983
0.9759999999999985
0.9119999999999985
0.9439999999999981
0.9599999999999984
0.9759999999999982
0.9599999999999984
0.9919999999999984
1.0079999999999985
1.0559999999999987
0.9919999999999984
1.135999999999998
0.9599999999999983
0.9919999999999979
1.1039999999999979
1.0719999999999978
1.0239999999999982
1.0239999999999987
1.1519999999999984
0.9439999999999984
1.3599999999999988
1.0079999999999985
1.1519999999999986
1.0399999999999987
0.9599999999999989
1.0239999999999987
0.8799999999999986
1.1039999999999983
1.0399999999999985
0.9439999999999985
0.9439999999999984
1.0879999999999983
1.0239999999999985
1.1519999999999984
1.0879999999999983
0.9599999999999986
1.0239999999999985
0.9119999999999984
1.0079999999999985
1.023999999999998
1.055999999999998
0.9919999999999988
0.9759999999999984
1.0079999999999985
0.9919999999999988
0.9119999999999984
0.9439999999999981
1.0879999999999983
1.0559999999999983
1.0079999999999987
0.9599999999999986
0.9439999999999985
0.9919999999999983
1.1039999999999985
1.0079999999999985
0.8959999999999984
0.9759999999999982
1.1519999999999988
0.9919999999999984
0.8959999999999986
1.023999999999998
1.0079999999999985
0.9439999999999984
1.119999999999998
0.9919999999999987
0.9759999999999981
0.9759999999999982
1.087999999999998
0.9439999999999986
1.0079999999999985
0.9759999999999985
0.9279999999999984
1.0239999999999985
0.9599999999999986
1.023999999999998
1.0079999999999987
1.0239999999999982
0.9439999999999987
0.9279999999999984
1.055999999999998
1.0239999999999982
1.1199999999999983
0.991999999999998
0.9439999999999985
0.9759999999999982
0.9439999999999986
0.8799999999999987
1.0399999999999983
1.0239999999999985
0.9919999999999983
0.9279999999999986
1.0399999999999985
1.0559999999999985
0.9919999999999984
1.1039999999999985
1.0239999999999982
1.0079999999999987
0.8959999999999986
1.0239999999999982
1.1199999999999986
1.1359999999999986
0.9439999999999984
1.0399999999999985
1.0239999999999985
0.9279999999999987
1.0239999999999982
1.0239999999999985
0.9439999999999984
1.0239999999999985
1.119999999999998
0.959999999999998
0.9599999999999982
1.023999999999999
1.0559999999999985
1.055999999999998
0.9599999999999984
1.055999999999998
1.1519999999999981
1.0399999999999983
1.0559999999999987
1.0719999999999985
1.1519999999999986
1.0399999999999985
1.0719999999999987
1.0399999999999985
1.0399999999999983
0.9919999999999984
0.9759999999999982
1.007999999999999
0.9439999999999985
0.9599999999999986
1.0079999999999985
1.071999999999999
1.0399999999999985
0.991999999999998
1.1519999999999984
0.9599999999999984
1.183999999999999
0.9759999999999984
0.9119999999999984
1.119999999999998
1.0079999999999985
0.9279999999999984
0.959999999999998
1.0079999999999987
1.039999999999999
0.9599999999999987
1.103999999999999
0.8639999999999982
1.1679999999999984
0.9599999999999984
0.9119999999999986
1.1359999999999986
0.9279999999999982
1.0079999999999985
0.9919999999999984
1.0239999999999982
1.0879999999999983
0.9919999999999984
1.055999999999998
1.0719999999999983
0.9759999999999988
1.0559999999999978
0.9439999999999986
1.087999999999998
1.0079999999999982
0.9439999999999984
0.9919999999999984
0.9439999999999984
0.9599999999999984
1.007999999999999
0.9919999999999983
1.1679999999999986
0.9279999999999983
0.9599999999999984
1.2319999999999987
0.9759999999999985
0.9599999999999984
1.0879999999999985
0.8959999999999981
0.8639999999999985
0.8639999999999982
0.8639999999999987
1.0719999999999983
0.9599999999999986
1.0239999999999985
0.9759999999999981
0.9599999999999984
0.9439999999999982
0.9919999999999983
1.0559999999999983
0.9119999999999984
0.9439999999999982
1.103999999999998
0.991999999999998
0.9279999999999987
0.9759999999999985
1.0239999999999982
1.039999999999998
0.9439999999999987
1.0399999999999985
0.9279999999999984
1.0559999999999983
1.0719999999999985
1.0719999999999985
1.0399999999999985
1.0079999999999991
1.0239999999999987
1.0879999999999987
0.959999999999998
1.1359999999999986
0.9759999999999984
1.0879999999999983
1.0719999999999983
1.1999999999999982
1.1359999999999983
1.0079999999999982
0.9919999999999987
1.0879999999999987
1.0079999999999982
0.9919999999999983
1.0079999999999987
1.0719999999999987
1.1519999999999984
1.087999999999998
1.2159999999999984
1.0879999999999983
0.9599999999999986
1.1679999999999986
1.0399999999999983
1.1999999999999982
1.1839999999999984
1.0719999999999985
0.9279999999999983
1.0079999999999985
0.9919999999999984
1.1039999999999985
1.0239999999999982
1.0239999999999987
1.1199999999999988
1.087999999999998
1.0239999999999982
1.1039999999999983
1.1679999999999982
1.0399999999999985
1.0719999999999978
1.1359999999999983
1.0879999999999983
1.0239999999999982
1.0879999999999983
0.9759999999999984
0.9919999999999983
1.0079999999999985
1.103999999999999
0.9119999999999981
0.9919999999999978
1.0079999999999985
1.0239999999999982
1.0399999999999983
1.087999999999998
1.0079999999999985
1.0719999999999983
1.039999999999998
0.9759999999999981
0.9759999999999982
1.1039999999999985
1.0879999999999987
1.1199999999999988
1.0079999999999985
1.0239999999999985
1.039999999999999
1.087999999999998
1.087999999999998
1.0239999999999982
1.0079999999999985
1.0399999999999985
0.9279999999999984
0.9599999999999986
0.9919999999999983
1.135999999999998
1.1039999999999983
0.9599999999999983
0.9439999999999985
0.9119999999999984
0.9919999999999982
0.9279999999999986
1.0879999999999985
1.0399999999999985
0.9119999999999987
1.039999999999998
1.0719999999999985
1.007999999999998
1.071999999999998
0.9279999999999983
0.9279999999999983
1.1039999999999985
1.0559999999999983
0.9599999999999984
1.1199999999999988
1.0239999999999985
1.0079999999999985
1.0559999999999985
1.0239999999999982
1.0559999999999983
0.9599999999999986
1.0399999999999985
0.9759999999999985
0.9919999999999982
0.9599999999999984
0.9439999999999986
1.0399999999999985
1.0399999999999985
1.1679999999999984
1.1519999999999984
0.9119999999999986
0.9439999999999982
0.9919999999999983
1.0239999999999987
0.9919999999999989
1.0719999999999983
1.0239999999999985
1.0079999999999982
1.023999999999998
0.9439999999999981
1.0239999999999985
1.1199999999999992
0.9919999999999984
0.9599999999999984
1.0719999999999983
1.0079999999999987
1.087999999999998
0.9599999999999984
1.1519999999999981
1.023999999999998
1.0559999999999985
1.0399999999999983
0.9439999999999987
1.0079999999999982
1.0559999999999985
1.0559999999999985
1.071999999999999
1.103999999999999
0.9759999999999981
0.9599999999999982
0.9759999999999985
0.9279999999999986
1.0559999999999983
0.9439999999999982
1.0559999999999987
0.9599999999999984
1.0079999999999985
0.9279999999999987
0.9759999999999984
1.1039999999999983
0.9919999999999982
0.9279999999999983
0.8959999999999986
1.0719999999999985
0.9119999999999984
0.9919999999999979
1.055999999999998
1.1999999999999982
1.087999999999998
0.8959999999999984
0.9279999999999987
1.0399999999999985
0.9919999999999982
0.9919999999999987
0.9759999999999988
1.0079999999999982
1.1039999999999979
1.0239999999999985
1.1039999999999985
0.8639999999999983
0.8959999999999989
0.9599999999999986
0.9439999999999985
0.9919999999999987
0.9439999999999985
1.1039999999999985
1.0239999999999987
0.9919999999999987
1.055999999999998
0.9279999999999987
0.991999999999998
0.9919999999999984
1.103999999999999
0.9599999999999983
0.8479999999999984
1.0399999999999983
0.9279999999999982
1.0079999999999982
0.9759999999999984
1.0079999999999985
1.2319999999999984
1.0879999999999985
1.0719999999999985
0.9119999999999984
1.0239999999999987
1.1039999999999985
0.9759999999999985
0.9919999999999983
0.9919999999999987
0.9599999999999982
1.1039999999999988
0.9759999999999984
0.9279999999999987
1.007999999999998
0.9119999999999984
1.007999999999999
0.8959999999999986
0.9919999999999983
1.0079999999999985
0.9919999999999984
0.9599999999999984
0.9919999999999984
1.0559999999999983
0.9439999999999987
1.0239999999999985
1.0239999999999982
1.0239999999999982
0.9599999999999986
1.119999999999998
0.9599999999999983
1.0239999999999987
1.0239999999999987
0.9759999999999985
0.9759999999999984
0.9759999999999984
1.0399999999999985
1.1359999999999986
0.9759999999999984
0.9439999999999984
0.9599999999999983
1.1199999999999983
0.9599999999999984
1.0399999999999983
0.9759999999999985
0.9439999999999985
0.9759999999999985
1.0399999999999983
1.039999999999998
0.9759999999999988
1.039999999999998
0.9759999999999984
0.9759999999999986
1.0239999999999987
0.9599999999999983
1.1359999999999986
1.1199999999999986
0.9439999999999984
0.9279999999999984
0.9279999999999984
0.9919999999999982
1.055999999999998
0.9439999999999984
1.0719999999999987
1.0399999999999985
0.9439999999999985
1.0559999999999985
0.9439999999999982
0.9599999999999984
1.0079999999999985
1.0079999999999987
1.055999999999998
0.9919999999999983
0.8959999999999982
1.0079999999999985
0.9439999999999984
1.1199999999999986
1.1039999999999985
1.039999999999999
1.087999999999999
1.0239999999999991
0.9759999999999986
0.9439999999999987
1.0239999999999982
1.023999999999998
1.0079999999999982
0.9439999999999987
0.9439999999999982
1.0719999999999985
0.9919999999999988
1.0079999999999987
1.055999999999998
0.9919999999999979
0.9599999999999984
1.119999999999998
1.0079999999999985
0.9439999999999985
1.1039999999999983
0.9599999999999983
0.9919999999999984
0.9119999999999985
0.9599999999999989
1.0719999999999983
0.9119999999999984
1.0879999999999983
1.0559999999999983
0.8959999999999987
1.103999999999998
0.8959999999999984
1.0719999999999985
0.9439999999999984
0.9919999999999982
1.0559999999999985
0.9279999999999984
1.0399999999999987
1.0719999999999985
0.9279999999999986
1.0239999999999982
1.0399999999999985
0.959999999999998
0.9759999999999984
0.9759999999999988
1.0079999999999985
1.0399999999999983
0.9919999999999984
0.9759999999999986
1.039999999999998
0.8639999999999983
1.0559999999999985
0.9759999999999985
1.0239999999999982
0.9919999999999988
1.1359999999999983
0.9759999999999985
1.1359999999999983
1.0079999999999985
1.0559999999999983
1.0559999999999985
0.9759999999999984
1.1199999999999986
0.9119999999999985
0.9599999999999986
1.0079999999999985
1.1039999999999983
1.0719999999999985
1.1999999999999988
0.9919999999999984
1.0399999999999983
1.055999999999999
0.9759999999999982
0.9599999999999986
0.9439999999999984
0.9919999999999988
0.9119999999999985
0.9919999999999988
1.0559999999999983
1.0239999999999982
1.0399999999999983
1.0399999999999983
0.9599999999999983
0.9119999999999985
1.0879999999999987
0.9439999999999984
0.9599999999999983
1.0079999999999982
0.9439999999999984
1.0079999999999982
1.0879999999999987
1.1199999999999977
0.9599999999999984
1.0559999999999983
1.0239999999999982
0.9919999999999984
0.9599999999999982
1.0399999999999978
1.087999999999998
1.023999999999998
0.9919999999999984
0.9759999999999981
1.0239999999999985
0.9919999999999988
1.1359999999999983
0.9119999999999989
1.0239999999999985
0.8959999999999986
1.0079999999999985
1.0239999999999985
1.135999999999998
0.9439999999999984
1.0239999999999987
0.9759999999999984
1.1839999999999986
0.8639999999999983
0.9279999999999986
0.9599999999999983
1.0559999999999983
1.0399999999999985
0.9279999999999984
1.039999999999998
1.007999999999999
0.9919999999999988
0.9759999999999984
0.9599999999999983
0.9599999999999982
1.0719999999999983
1.0079999999999985
1.0239999999999982
1.023999999999998
1.1999999999999982
1.0239999999999985
1.0719999999999983
1.055999999999999
0.9599999999999986
1.0559999999999983
1.0079999999999985
1.0719999999999983
1.0399999999999983
1.0399999999999983
0.9279999999999983
0.9439999999999985
0.9599999999999986
0.9599999999999983
1.0399999999999985
0.9919999999999982
0.9119999999999986
0.9599999999999984
0.9599999999999983
0.9439999999999985
1.0879999999999985
1.0559999999999983
0.9919999999999983
0.9919999999999984
0.9919999999999988
1.0879999999999983
0.9279999999999983
1.0239999999999985
1.0559999999999987
0.9759999999999985
1.0079999999999985
1.0719999999999987
0.9439999999999981
1.071999999999999
1.1199999999999983
0.8799999999999986
1.0559999999999985
1.0239999999999982
1.0399999999999985
0.9599999999999986
0.8959999999999984
0.9919999999999983
1.039999999999998
1.0079999999999987
1.1519999999999988
0.9119999999999981
0.9759999999999984
0.9919999999999983
1.0079999999999982
1.0239999999999982
1.055999999999999
0.9599999999999982
1.0879999999999983
1.0559999999999985
0.9759999999999984
0.9279999999999986
1.1359999999999986
0.9759999999999985
1.0239999999999982
1.0399999999999987
0.9919999999999987
1.0399999999999983
0.9119999999999987
1.0719999999999983
1.0239999999999985
1.0399999999999985
0.9279999999999986
1.0239999999999982
1.0239999999999985
0.9279999999999982
1.1039999999999983
0.9759999999999982
1.0559999999999985
1.0079999999999985
0.9119999999999984
1.0399999999999983
0.8959999999999986
1.1679999999999986
0.9599999999999982
1.0239999999999985
1.0079999999999985
0.9279999999999984
0.8959999999999984
1.0719999999999983
0.9759999999999982
1.0719999999999983
1.055999999999998
1.039999999999998
1.0399999999999978
1.0239999999999985
1.0559999999999987
1.0559999999999983
0.9279999999999983
1.0079999999999987
1.023999999999999
0.9599999999999983
0.8959999999999986
0.9919999999999984
1.0879999999999985
1.0239999999999982
1.1519999999999977
1.0079999999999982
1.0879999999999985
1.0399999999999983
1.0239999999999985
0.8799999999999986
0.9759999999999985
1.0399999999999983
0.9599999999999986
1.0559999999999985
0.9599999999999987
0.991999999999998
0.8799999999999987
1.1359999999999983
0.9439999999999985
1.0239999999999985
1.1199999999999983
1.1839999999999984
0.9599999999999983
1.0239999999999982
1.0239999999999987
1.135999999999998
1.1519999999999986
1.0399999999999985
0.9439999999999985
1.0079999999999987
0.9759999999999984
1.0399999999999985
1.1999999999999986
1.1039999999999983
0.9439999999999986
0.9599999999999982
1.0239999999999987
1.039999999999998
1.0559999999999983
0.8639999999999983
0.8959999999999982
1.0239999999999987
0.9279999999999983
0.9599999999999987
1.1839999999999977
1.0079999999999982
0.9759999999999985
0.9119999999999981
0.9279999999999983
0.9919999999999984
0.9119999999999986
1.0879999999999983
0.9759999999999985
1.0079999999999982
0.975999999999998
0.8799999999999986
1.055999999999998
0.9759999999999985
0.9759999999999985
0.9439999999999986
1.0399999999999985
1.0399999999999985
1.0239999999999985
0.9119999999999984
1.0719999999999985
0.9439999999999984
1.0719999999999985
1.0559999999999983
0.9919999999999982
0.9919999999999984
0.9599999999999982
0.9599999999999984
0.9439999999999986
1.0719999999999983
1.0719999999999987
1.0719999999999985
1.0399999999999983
1.0879999999999983
1.055999999999998
0.8799999999999985
1.1199999999999986
0.8799999999999981
1.023999999999998
1.0079999999999982
1.0399999999999983
0.9279999999999984
1.0079999999999982
1.0559999999999983
0.9279999999999986
0.9599999999999984
1.0399999999999983
1.0239999999999987
0.8959999999999984
1.039999999999999
0.9759999999999986
0.9279999999999986
0.9759999999999986
0.9919999999999987
1.0719999999999983
0.9919999999999983
0.9279999999999983
1.1039999999999985
1.007999999999999
0.8159999999999985
0.9439999999999986
1.023999999999998
1.1359999999999983
0.9439999999999991
1.0079999999999991
1.0239999999999985
1.0079999999999982
0.9439999999999984
0.9119999999999985
0.8639999999999983
0.9279999999999986
0.9919999999999983
1.055999999999998
1.0239999999999982
0.9759999999999985
0.9759999999999985
0.9439999999999987
1.0079999999999982
1.0239999999999982
1.0079999999999985
1.1199999999999983
0.8959999999999984
0.9919999999999982
0.8959999999999987
0.9279999999999984
0.9759999999999985
1.055999999999999
1.0239999999999985
0.9599999999999986
0.9599999999999986
1.0239999999999982
0.9759999999999982
0.9439999999999986
0.9759999999999981
1.0239999999999985
1.1039999999999976
0.9119999999999984
1.0079999999999982
1.0559999999999983
0.9119999999999985
1.087999999999998
1.0079999999999985
0.9279999999999986
0.9439999999999986
1.0079999999999985
1.007999999999998
1.0719999999999983
0.9759999999999985
0.9439999999999982
1.0399999999999983
0.9919999999999982
0.9439999999999984
1.0079999999999985
0.9439999999999984
0.9279999999999986
1.1199999999999988
0.9439999999999982
1.023999999999998
0.9599999999999983
1.119999999999999
0.9759999999999984
1.1039999999999983
0.9759999999999984
0.9919999999999988
1.0399999999999985
1.0719999999999978
0.9599999999999983
0.9119999999999985
1.0239999999999987
1.0079999999999985
0.9759999999999984
0.9119999999999981
0.8799999999999983
0.9119999999999984
0.9119999999999985
1.0719999999999983
1.1519999999999984
1.0239999999999987
1.0879999999999985
0.9279999999999983
1.0559999999999985
0.8959999999999986
0.9759999999999984
1.1519999999999988
0.9279999999999984
1.0879999999999983
1.1359999999999986
0.9119999999999985
1.0079999999999982
1.0239999999999987
0.9279999999999984
0.9439999999999982
1.0559999999999987
0.9119999999999981
0.9279999999999979
1.0079999999999987
0.9919999999999983
1.0079999999999982
0.9599999999999987
0.9439999999999986
1.1519999999999988
0.8959999999999982
0.9759999999999982
1.0559999999999983
1.0239999999999987
1.0239999999999982
1.0079999999999987
1.0559999999999983
1.0399999999999985
0.9759999999999986
1.0239999999999982
0.9919999999999982
1.0239999999999982
0.9759999999999986
1.0079999999999982
0.9279999999999983
0.9759999999999991
1.055999999999998
1.167999999999999
0.9599999999999984
1.0239999999999985
0.9439999999999984
1.0239999999999985
1.0399999999999983
1.071999999999999
1.0079999999999985
1.0399999999999978
0.959999999999998
0.9759999999999988
1.0079999999999982
1.0559999999999987
1.0719999999999983
0.9439999999999984
0.8479999999999985
0.8959999999999987
1.119999999999998
0.9599999999999986
1.0879999999999979
0.9279999999999986
0.9919999999999987
1.0559999999999983
1.0719999999999987
0.9919999999999987
1.1839999999999984
1.0239999999999985
0.9759999999999984
0.9919999999999982
1.0239999999999985
1.1039999999999985
1.0239999999999987
1.0399999999999987
1.1199999999999983
0.9599999999999986
1.055999999999998
0.9919999999999987
1.0079999999999982
1.0239999999999987
1.0879999999999987
1.0399999999999985
1.1519999999999988
1.0559999999999987
1.007999999999999
1.0239999999999985
0.9919999999999983
0.9279999999999984
1.0079999999999985
0.9279999999999984
1.0079999999999985
0.9119999999999985
1.0399999999999987
0.9599999999999984
1.1199999999999986
1.0719999999999983
0.9439999999999985
1.0879999999999987
1.0239999999999982
0.9279999999999988
1.103999999999998
1.087999999999998
0.943999999999999
0.9599999999999984
1.0079999999999985
1.0719999999999987
0.9919999999999984
0.9439999999999982
0.9439999999999984
0.9439999999999984
0.9759999999999982
1.0879999999999983
0.9119999999999985
0.9759999999999985
1.1039999999999985
0.9759999999999985
1.0399999999999985
0.9599999999999982
1.1359999999999986
1.0399999999999983
0.9119999999999986
1.0239999999999982
0.9759999999999985
1.0079999999999985
0.9759999999999985
1.0879999999999983
1.0079999999999985
0.9599999999999983
1.0239999999999985
1.0399999999999983
0.959999999999998
1.0559999999999987
0.9919999999999984
1.0079999999999982
1.1519999999999981
0.9599999999999982
1.0559999999999985
0.9439999999999987
1.103999999999999
0.9919999999999984
1.0879999999999985
0.9439999999999985
0.9759999999999985
0.8799999999999985
1.023999999999998
1.0879999999999987
1.0239999999999982
0.9919999999999987
0.9439999999999987
1.103999999999999
1.0239999999999982
0.9759999999999984
0.8799999999999986
0.9759999999999985
1.0719999999999985
0.9439999999999985
1.0239999999999985
0.9119999999999984
1.1999999999999986
0.9439999999999984
0.9599999999999982
1.0239999999999987
0.9599999999999983
0.9279999999999984
0.9439999999999984
1.039999999999999
1.0559999999999983
0.9919999999999987
0.9759999999999984
0.9439999999999984
0.9919999999999988
1.0559999999999985
0.9919999999999987
0.9919999999999988
1.0399999999999987
0.9919999999999982
1.103999999999998
1.0079999999999985
0.975999999999999
1.039999999999999
1.0079999999999985
0.9599999999999984
1.0239999999999987
1.0719999999999987
0.9759999999999984
0.9759999999999982
0.9439999999999985
1.0079999999999987
1.0079999999999985
0.9919999999999984
1.0559999999999983
1.0399999999999978
1.0399999999999985
1.0559999999999987
1.0559999999999983
0.9759999999999986
1.0559999999999983
0.9279999999999982
1.0879999999999983
0.9919999999999982
1.0079999999999985
0.9599999999999983
0.9439999999999982
0.9439999999999982
0.9599999999999986
0.9759999999999985
1.0399999999999985
0.991999999999998
1.0239999999999987
0.8799999999999981
0.9599999999999983
1.0079999999999985
0.9759999999999986
1.071999999999998
1.1199999999999988
0.9759999999999984
0.991999999999998
1.0879999999999985
1.0399999999999983
0.9599999999999979
1.0399999999999985
1.039999999999999
0.9439999999999982
0.9759999999999981
1.0399999999999985
0.9919999999999983
1.0239999999999987
1.0079999999999982
0.9279999999999986
0.9119999999999987
0.9599999999999983
1.1519999999999988
0.9599999999999982
1.0079999999999985
1.0719999999999985
1.0239999999999982
1.0399999999999987
1.0239999999999985
1.0399999999999983
1.0079999999999982
1.0079999999999982
1.0079999999999985
1.0879999999999983
0.9919999999999984
1.0399999999999983
1.0559999999999987
0.9599999999999983
1.0559999999999983
0.9279999999999984
1.0399999999999985
1.0559999999999987
1.0879999999999983
1.087999999999998
1.0079999999999982
0.9279999999999984
0.9279999999999984
0.9599999999999984
0.9599999999999986
0.9279999999999983
0.9759999999999986
0.8959999999999986
1.0879999999999983
1.0079999999999985
1.1679999999999986
0.9759999999999982
0.9759999999999985
1.0719999999999983
1.0079999999999987
1.0239999999999985
0.9439999999999985
1.231999999999998
0.9919999999999989
1.1359999999999983
0.9919999999999983
1.0239999999999991
1.0239999999999985
0.9599999999999984
0.9759999999999986
0.9599999999999986
1.0399999999999985
1.0079999999999985
1.0079999999999985
1.0079999999999985
0.9599999999999983
1.0079999999999987
1.1199999999999983
1.1679999999999984
0.9919999999999982
1.023999999999998
0.9919999999999982
1.0079999999999985
1.055999999999998
1.0399999999999983
1.1519999999999981
1.1679999999999986
1.0079999999999982
1.0079999999999982
0.9279999999999982
1.0239999999999987
0.9919999999999988
1.0079999999999982
0.9439999999999984
1.0559999999999983
1.0559999999999983
1.087999999999999
0.9759999999999984
0.9599999999999984
0.9919999999999984
0.9599999999999982
0.9599999999999984
0.9759999999999984
0.8799999999999983
1.0399999999999983
0.9759999999999981
1.0239999999999982
1.0399999999999985
0.9919999999999987
1.103999999999998
0.9119999999999986
0.9759999999999984
1.0719999999999985
0.9919999999999983
0.9759999999999982
0.9119999999999981
0.9759999999999981
1.0559999999999985
1.0239999999999982
1.1039999999999983
0.9759999999999984
0.9759999999999986
0.9119999999999986
0.8799999999999983
1.103999999999999
1.055999999999998
0.9759999999999982
0.9599999999999986
1.0399999999999985
0.9759999999999982
1.0719999999999978
0.9759999999999985
1.0239999999999982
0.9919999999999987
0.9759999999999981
0.9439999999999985
0.8799999999999983
1.007999999999998
0.9439999999999982
1.0239999999999982
1.0239999999999985
1.0239999999999982
1.1519999999999984
0.8959999999999981
1.0399999999999985
0.9759999999999982
1.0079999999999985
1.1359999999999981
1.007999999999998
1.0079999999999982
1.0079999999999985
0.9439999999999984
0.9119999999999981
0.9919999999999983
1.087999999999998
1.055999999999998
1.0079999999999987
1.0079999999999987
0.9599999999999982
1.0719999999999985
0.9599999999999983
1.0719999999999987
0.9439999999999985
0.9919999999999984
0.9759999999999985
1.0879999999999985
0.9759999999999985
0.9919999999999987
1.087999999999998
1.1039999999999979
0.9279999999999986
1.1039999999999979
1.1679999999999984
1.0879999999999987
0.9279999999999983
1.0239999999999982
0.9919999999999984
1.0399999999999985
1.1839999999999984
0.9119999999999984
1.0719999999999983
0.9919999999999984
1.0879999999999983
0.9599999999999983
0.9119999999999985
0.9439999999999984
1.0879999999999985
1.1839999999999977
1.0079999999999982
0.9759999999999981
0.9759999999999982
1.0559999999999983
0.9279999999999982
1.0719999999999985
1.0879999999999985
1.0079999999999982
1.055999999999998
1.039999999999998
0.8799999999999986
1.039999999999999
0.9919999999999984
1.1039999999999979
1.0079999999999985
1.1199999999999988
0.9119999999999984
0.9919999999999982
1.0879999999999979
0.9439999999999986
0.9599999999999984
0.9759999999999982
1.0239999999999982
0.9599999999999983
0.9599999999999984
1.1199999999999988
0.9919999999999982
1.0079999999999985
1.0079999999999985
0.9279999999999984
1.0239999999999982
1.119999999999998
1.0399999999999983
0.9279999999999983
1.1039999999999985
0.8959999999999988
1.0239999999999982
1.0399999999999983
1.0399999999999983
1.0559999999999983
1.0399999999999985
0.9919999999999982
1.0079999999999985
1.0559999999999983
0.9759999999999984
0.9919999999999984
1.0719999999999983
1.0879999999999979
1.0399999999999985
1.0399999999999985
0.9759999999999984
1.0879999999999983
1.0719999999999983
1.1039999999999983
0.9599999999999986
0.9919999999999983
1.0079999999999982
0.9759999999999988
1.0239999999999985
0.9599999999999982
0.9599999999999982
1.0559999999999987
0.9759999999999984
1.0239999999999982
1.0079999999999985
0.9919999999999984
0.9599999999999986
1.0079999999999985
0.9599999999999984
0.9919999999999982
0.9279999999999983
0.9279999999999987
1.1199999999999983
0.9759999999999984
1.023999999999998
1.151999999999998
0.9439999999999984
0.959999999999998
1.0239999999999982
1.0239999999999982
0.9759999999999984
1.0399999999999983
1.1039999999999985
1.071999999999999
0.8959999999999984
1.023999999999998
0.9919999999999987
0.9279999999999983
1.0079999999999982
0.9919999999999988
1.0079999999999985
1.0399999999999985
1.1199999999999986
1.0079999999999982
1.0079999999999987
1.0239999999999987
1.103999999999998
1.103999999999998
0.9119999999999986
0.9439999999999985
0.9599999999999983
1.0719999999999985
0.9759999999999985
1.0239999999999987
0.9439999999999987
1.0719999999999985
0.9759999999999984
1.0239999999999982
1.023999999999998
1.0239999999999987
0.9759999999999985
0.9919999999999983
0.9599999999999984
1.0879999999999985
0.9759999999999982
1.0079999999999985
1.023999999999998
1.0559999999999983
0.9919999999999984
0.9279999999999984
0.9439999999999982
1.1519999999999986
0.9759999999999984
1.0079999999999987
1.007999999999998
1.0879999999999983
1.1519999999999981
1.0239999999999982
1.1199999999999983
1.0399999999999985
0.9599999999999982
0.9759999999999986
0.9119999999999986
0.9759999999999984
0.9119999999999984
1.0559999999999985
0.9919999999999982
0.9439999999999986
1.135999999999999
1.0239999999999982
0.9119999999999986
1.0079999999999982
0.9599999999999983
1.1359999999999981
0.9279999999999987
0.9919999999999982
1.1039999999999979
0.8799999999999985
1.0399999999999983
0.9599999999999984
0.9119999999999985
1.023999999999998
1.0719999999999985
1.023999999999998
0.9919999999999988
1.0399999999999983
1.0559999999999985
0.9439999999999986
0.9599999999999983
0.9279999999999983
0.9439999999999985
1.1359999999999981
1.1679999999999986
1.1839999999999984
1.0559999999999983
0.9919999999999982
0.9759999999999981
0.9919999999999983
1.071999999999998
0.9439999999999985
0.9919999999999984
0.9439999999999984
1.0079999999999982
0.9919999999999983
0.8799999999999986
1.1359999999999986
0.9759999999999985
1.0399999999999985
1.0559999999999983
1.055999999999998
1.055999999999999
0.8959999999999982
0.9599999999999986
0.9759999999999986
1.1519999999999986
0.9599999999999984
1.0079999999999982
1.0399999999999985
1.1039999999999979
1.0879999999999985
0.9919999999999987
1.023999999999998
1.1839999999999982
1.039999999999998
1.0079999999999985
0.9119999999999986
0.9759999999999985
0.9919999999999988
1.0399999999999983
1.0079999999999985
0.9759999999999981
0.9759999999999984
1.1199999999999988
1.0559999999999983
1.1519999999999984
1.0399999999999983
1.0879999999999983
0.9919999999999983
0.9279999999999984
0.9439999999999985
0.9759999999999984
1.0239999999999987
0.9919999999999982
0.9599999999999983
0.9759999999999985
0.9439999999999982
1.1359999999999986
0.9599999999999984
1.0079999999999982
1.0079999999999985
0.9919999999999987
1.0559999999999983
1.0719999999999983
1.1199999999999983
1.1519999999999988
1.0399999999999983
1.0719999999999985
0.9439999999999985
1.0239999999999985
1.1519999999999984
0.9919999999999987
0.9599999999999987
1.023999999999999
1.2799999999999983
1.0399999999999987
1.119999999999998
0.9599999999999984
0.9599999999999984
0.8799999999999986
0.9759999999999985
1.1679999999999984
1.0239999999999987
1.1839999999999986
1.0719999999999985
1.1999999999999982
0.9599999999999983
1.1039999999999985
1.0879999999999987
1.0399999999999978
0.9599999999999982
1.2959999999999985
1.2159999999999989
0.9279999999999984
1.151999999999998
1.1839999999999982
1.023999999999998
0.9439999999999985
0.9759999999999981
1.1519999999999981
1.1039999999999979
1.0719999999999985
1.0719999999999983
1.0079999999999985
0.9759999999999986
1.0719999999999983
1.2479999999999982
0.9759999999999988
1.1359999999999981
1.2799999999999983
1.0399999999999983
0.9919999999999988
1.0879999999999983
0.9919999999999987
0.9919999999999983
1.087999999999998
1.0079999999999982
1.1999999999999984
1.0719999999999983
1.0399999999999983
1.1839999999999977
0.9919999999999984
1.1359999999999983
1.0239999999999982
1.0239999999999985
1.167999999999998
1.0879999999999985
1.0559999999999983
1.247999999999998
1.0719999999999983
1.2639999999999982
0.9279999999999983
1.1519999999999984
1.2319999999999984
1.0239999999999982
0.9599999999999982
1.1039999999999983
1.0559999999999985
1.1039999999999985
1.1839999999999982
1.167999999999998
1.087999999999998
1.0079999999999985
1.087999999999998
0.9919999999999982
1.0719999999999985
1.0719999999999983
0.9439999999999982
1.1359999999999983
0.9759999999999984
1.0079999999999982
0.9759999999999982
1.0399999999999985
1.0239999999999987
1.0879999999999983
1.0399999999999983
1.103999999999998
1.0399999999999983
0.9439999999999984
1.0239999999999985
0.9759999999999982
0.9759999999999984
1.023999999999998
0.9279999999999986
0.8959999999999986
1.1519999999999986
1.1359999999999986
1.0079999999999985
0.9439999999999984
0.9919999999999983
0.8799999999999986
1.0239999999999982
1.0559999999999987
0.9439999999999984
1.1199999999999979
1.0239999999999987
0.9599999999999984
1.0879999999999985
1.0239999999999982
0.9759999999999985
1.0559999999999983
0.9919999999999983
1.0879999999999985
1.0399999999999985
1.1359999999999983
0.9919999999999984
1.0879999999999985
1.135999999999998
0.9919999999999989
0.9759999999999984
0.9759999999999986
0.8799999999999983
1.0079999999999987
1.0879999999999983
1.1839999999999984
0.9279999999999986
0.9599999999999984
1.0079999999999985
0.9439999999999982
1.103999999999998
1.0719999999999983
0.9439999999999986
0.9439999999999984
0.991999999999998
0.9919999999999987
0.9759999999999984
0.9119999999999985
1.0079999999999985
1.023999999999998
1.0559999999999985
0.9919999999999982
1.1039999999999983
0.9599999999999986
0.9759999999999981
1.1999999999999984
1.0399999999999985
0.9439999999999986
1.023999999999998
0.9919999999999982
1.0879999999999985
0.9759999999999981
1.103999999999998
1.0559999999999987
1.0239999999999991
1.007999999999999
1.1039999999999985
0.9919999999999982
0.9439999999999986
0.9599999999999984
1.2799999999999978
0.9439999999999982
1.0399999999999978
1.1199999999999986
1.0719999999999983
1.1199999999999979
1.1039999999999983
1.0399999999999985
0.9279999999999983
1.1679999999999984
1.0399999999999985
1.0879999999999983
0.9599999999999987
0.9759999999999986
0.8959999999999984
0.9599999999999982
0.9119999999999985
0.9439999999999982
1.135999999999998
1.0719999999999983
1.0399999999999983
0.9439999999999985
1.087999999999998
0.9759999999999984
0.8959999999999984
0.9439999999999984
0.9279999999999986
0.9599999999999984
0.9759999999999985
0.9439999999999985
0.8959999999999984
0.9439999999999982
1.0399999999999985
0.9439999999999986
1.0079999999999982
1.0399999999999985
1.0079999999999982
1.1199999999999983
1.0079999999999987
1.1199999999999988
0.9599999999999984
1.0239999999999982
0.9599999999999983
0.9919999999999984
1.0559999999999983
1.119999999999998
0.9759999999999981
0.9919999999999989
1.0079999999999985
0.9599999999999987
0.8959999999999981
0.9439999999999987
1.1199999999999983
1.0239999999999985
0.9599999999999983
0.9279999999999984
1.0079999999999982
1.103999999999998
0.9759999999999984
1.087999999999998
0.9919999999999983
1.1519999999999981
0.975999999999999
1.0399999999999983
1.055999999999998
0.9919999999999983
0.9599999999999983
0.9599999999999983
0.9759999999999984
1.1039999999999985
1.0079999999999985
1.0399999999999985
0.9599999999999984
0.8959999999999982
1.0239999999999985
1.0079999999999985
0.9759999999999981
1.119999999999999
0.9439999999999985
0.9599999999999982
0.9599999999999983
1.0399999999999985
1.0559999999999983
1.0719999999999985
1.1519999999999986
0.9919999999999982
1.0079999999999985
0.9439999999999982
1.1039999999999985
1.151999999999998
0.9279999999999982
1.135999999999998
1.0079999999999982
1.039999999999999
0.9279999999999986
0.9279999999999984
1.0079999999999985
0.9759999999999988
1.0239999999999985
0.9919999999999983
1.1199999999999983
1.0559999999999985
0.9759999999999984
0.9919999999999983
0.9279999999999984
1.0239999999999982
1.055999999999998
1.007999999999998
1.039999999999998
0.9759999999999985
1.0239999999999987
1.0239999999999987
0.9119999999999981
0.9439999999999986
1.0399999999999987
0.9439999999999982
0.9919999999999984
1.0079999999999982
1.0719999999999983
1.0399999999999985
0.959999999999998
1.0079999999999985
0.9279999999999984
1.1359999999999981
0.9599999999999983
0.9759999999999985
0.9919999999999983
0.9439999999999984
0.9759999999999984
1.0559999999999983
1.0719999999999983
1.0239999999999982
1.1199999999999979
1.055999999999998
1.0079999999999985
1.0079999999999985
0.9119999999999984
1.119999999999998
1.0399999999999983
0.9599999999999984
1.119999999999998
1.0719999999999978
1.087999999999998
1.0559999999999985
1.0719999999999985
1.0239999999999982
1.0399999999999985
1.0239999999999982
1.0719999999999983
1.0879999999999983
1.0079999999999985
0.9919999999999983
0.9439999999999984
1.0879999999999985
1.2959999999999985
0.959999999999998
1.0079999999999985
1.0879999999999983
0.9279999999999986
1.0399999999999983
1.0399999999999985
0.9919999999999982
1.0239999999999985
1.0239999999999985
1.0559999999999985
1.1359999999999981
1.0559999999999983
1.0879999999999983
1.0719999999999983
1.0079999999999985
1.0399999999999983
1.0079999999999982
0.9919999999999987
0.9919999999999984
1.0559999999999978
0.8959999999999982
1.007999999999998
0.9439999999999981
0.9279999999999986
0.9119999999999985
1.0559999999999983
0.8799999999999985
1.0559999999999985
1.0239999999999982
1.0239999999999982
1.0719999999999983
1.2639999999999976
1.0079999999999985
1.023999999999998
0.9759999999999982
1.1039999999999983
1.0879999999999979
1.0399999999999985
1.071999999999998
0.9759999999999982
1.0559999999999985
1.0719999999999978
0.9759999999999982
0.9919999999999982
1.039999999999998
0.9439999999999985
1.023999999999998
0.9599999999999983
0.9919999999999987
0.9119999999999986
0.9279999999999987
0.9119999999999987
1.103999999999998
0.8799999999999983
1.1519999999999984
1.0559999999999985
1.023999999999998
0.9599999999999983
1.0399999999999985
1.0399999999999985
1.0559999999999983
1.0559999999999983
0.9279999999999983
0.9279999999999982
0.9439999999999982
1.0879999999999983
0.9919999999999982
0.9759999999999982
0.9599999999999986
1.0719999999999983
0.9759999999999984
1.0719999999999985
1.0559999999999983
1.0879999999999983
0.9439999999999985
1.0079999999999987
1.0079999999999985
0.9919999999999984
0.9919999999999982
0.9919999999999983
0.975999999999998
1.0559999999999983
0.9919999999999987
0.9919999999999984
0.9759999999999982
0.9759999999999985
1.0239999999999982
1.0079999999999985
1.0719999999999983
0.9919999999999983
1.0079999999999985
0.9279999999999983
1.1199999999999986
1.0879999999999985
1.0079999999999982
0.9439999999999985
0.9279999999999986
1.1039999999999979
1.103999999999998
1.0079999999999987
1.103999999999998
0.9759999999999984
0.9599999999999987
1.0399999999999985
1.0399999999999983
0.9119999999999985
0.9759999999999985
1.0559999999999983
0.9759999999999981
0.9919999999999983
0.9279999999999986
1.1039999999999983
1.1679999999999984
1.0079999999999985
1.055999999999998
0.9759999999999982
1.0239999999999982
1.1679999999999984
0.9279999999999987
1.0879999999999983
0.9759999999999984
0.9919999999999982
1.0239999999999982
0.9439999999999984
1.1359999999999986
1.0079999999999985
1.0079999999999985
1.0879999999999983
1.0079999999999982
0.9919999999999984
0.9599999999999984
0.9119999999999984
0.9439999999999985
0.9919999999999984
0.9599999999999984
0.9119999999999984
1.1199999999999988
1.0239999999999982
1.023999999999998
0.9759999999999982
0.8959999999999986
1.0399999999999985
0.9759999999999982
0.9919999999999988
0.9919999999999984
0.9759999999999984
1.0719999999999983
1.0559999999999985
1.1039999999999983
0.9119999999999984
0.991999999999998
0.9919999999999982
1.0879999999999987
0.9759999999999984
1.0239999999999982
0.991999999999999
1.0399999999999983
1.0239999999999982
0.959999999999998
1.0399999999999978
0.9279999999999984
0.9599999999999986
1.119999999999998
0.9599999999999982
1.0239999999999982
0.9919999999999984
0.9279999999999984
1.0719999999999985
1.1199999999999986
1.0079999999999982
1.0079999999999982
1.119999999999998
1.0079999999999982
1.023999999999998
0.9599999999999983
1.0079999999999987
0.9919999999999987
0.9919999999999987
0.9919999999999987
0.9599999999999983
0.9759999999999986
1.0559999999999985
1.071999999999999
0.9439999999999982
1.0559999999999985
1.0239999999999982
0.9759999999999984
0.9599999999999986
1.0239999999999982
1.0399999999999985
0.9599999999999982
1.0239999999999982
1.0079999999999982
0.9759999999999985
1.0399999999999985
1.0079999999999987
1.1039999999999985
1.1199999999999983
1.0079999999999982
1.0239999999999982
1.0239999999999982
1.0719999999999983
1.0399999999999983
1.0559999999999985
0.9759999999999985
0.9599999999999984
0.8799999999999985
1.055999999999998
0.9919999999999982
1.023999999999999
1.0079999999999982
1.1519999999999984
0.9919999999999983
0.9919999999999983
0.9919999999999983
0.9759999999999985
0.9599999999999983
1.1519999999999981
1.0239999999999987
0.9279999999999987
0.9759999999999986
1.1199999999999983
1.1359999999999986
1.0239999999999982
1.0079999999999985
0.9919999999999984
1.2159999999999984
0.9759999999999981
0.975999999999998
0.9919999999999982
0.9919999999999983
0.9919999999999982
1.1199999999999983
1.1519999999999981
1.0399999999999987
1.1519999999999988
0.9759999999999981
0.8479999999999985
0.9919999999999983
1.0239999999999982
1.1039999999999985
0.9599999999999983
0.9759999999999985
0.9759999999999984
1.0239999999999982
0.9759999999999982
0.9439999999999985
1.0399999999999983
0.8959999999999986
1.1519999999999984
1.0879999999999979
1.1519999999999977
0.8639999999999987
1.1839999999999984
1.1039999999999983
0.9919999999999984
1.2479999999999978
1.0079999999999985
1.0559999999999983
0.9439999999999982
1.0239999999999982
1.0079999999999987
1.007999999999998
0.9919999999999984
1.0239999999999982
1.1199999999999983
1.0399999999999983
0.9279999999999983
1.0239999999999982
1.0719999999999987
1.0399999999999978
1.0239999999999982
0.9919999999999983
1.023999999999998
1.1519999999999981
0.9759999999999985
1.0399999999999983
1.055999999999998
1.1199999999999988
0.9759999999999984
0.9759999999999982
0.9919999999999984
1.1839999999999988
1.119999999999998
1.0079999999999985
0.9119999999999984
1.0399999999999983
1.1679999999999984
0.9439999999999985
1.1199999999999983
1.0719999999999978
1.0399999999999985
1.0399999999999985
1.103999999999998
0.9759999999999986
1.0559999999999985
1.135999999999998
0.9759999999999984
1.0879999999999987
0.8799999999999986
1.1679999999999984
0.9759999999999988
0.9919999999999983
0.9279999999999986
1.1039999999999983
1.327999999999998
1.0399999999999983
0.9279999999999982
0.9919999999999983
1.0399999999999985
1.1359999999999986
0.9919999999999984
1.0399999999999985
1.0399999999999978
1.0079999999999985
0.9759999999999984
1.0399999999999985
1.119999999999998
1.087999999999998
0.9759999999999985
0.9279999999999984
1.0399999999999985
1.1039999999999983
1.1519999999999977
1.0879999999999983
0.9919999999999983
1.0399999999999985
1.0239999999999982
0.9279999999999982
0.9439999999999982
1.0719999999999985
1.0559999999999978
0.9759999999999978
0.9119999999999987
1.0079999999999982
1.0239999999999985
0.9919999999999983
0.8959999999999986
1.0079999999999982
1.087999999999998
0.8799999999999985
1.0719999999999983
1.167999999999998
0.9919999999999987
1.0399999999999983
1.0559999999999983
1.0079999999999978
1.071999999999999
0.9119999999999985
1.0879999999999987
0.9759999999999988
1.0719999999999983
0.9919999999999982
1.0239999999999982
0.9279999999999983
1.0079999999999985
1.0239999999999987
1.0559999999999987
1.0239999999999982
1.0239999999999985
1.2959999999999983
0.9119999999999986
1.039999999999999
1.0879999999999983
1.2479999999999984
1.0559999999999985
0.9759999999999985
0.9599999999999986
1.0079999999999982
0.9439999999999984
1.1039999999999985
1.0559999999999983
1.0079999999999982
0.9439999999999984
0.9279999999999986
1.0719999999999978
0.9119999999999985
0.9919999999999983
0.9919999999999984
1.1519999999999984
1.0239999999999987
0.9759999999999982
1.1679999999999982
0.9599999999999984
0.9919999999999983
1.1039999999999979
0.9919999999999982
1.0239999999999985
1.0079999999999982
0.8639999999999987
1.0399999999999991
0.9599999999999983
1.119999999999998
1.055999999999998
1.0079999999999985
0.9599999999999983
0.9759999999999988
1.1199999999999983
1.1199999999999979
0.9759999999999982
0.9439999999999986
0.9759999999999984
1.0239999999999982
1.055999999999998
0.8639999999999983
1.1359999999999983
0.9439999999999984
0.9439999999999986
0.9439999999999984
1.055999999999998
0.9919999999999987
1.0079999999999987
1.0079999999999982
1.1039999999999983
0.9919999999999984
0.9599999999999982
1.2159999999999982
0.991999999999998
0.9759999999999982
0.9599999999999984
0.9439999999999985
1.0079999999999982
1.0399999999999983
1.1519999999999984
0.9439999999999991
1.023999999999998
0.9599999999999982
1.0399999999999985
0.9439999999999981
0.9759999999999982
0.9599999999999984
1.055999999999998
1.1039999999999983
1.0399999999999983
0.975999999999998
0.9279999999999984
1.0879999999999985
0.9279999999999983
0.9279999999999983
0.9279999999999986
0.9599999999999982
0.991999999999998
0.9279999999999984
1.0239999999999982
1.0239999999999987
1.0079999999999982
1.0719999999999985
0.9439999999999984
0.9119999999999984
1.0559999999999983
1.0239999999999982
1.0399999999999983
0.9599999999999983
0.9279999999999984
1.007999999999999
1.0239999999999982
1.0559999999999983
1.0879999999999983
0.9279999999999984
1.0399999999999985
0.9759999999999982
1.0239999999999985
1.0239999999999982
1.0079999999999982
1.1359999999999981
0.9439999999999985
0.9919999999999987
1.1359999999999981
1.007999999999999
1.0239999999999982
1.0079999999999982
1.119999999999998
1.0559999999999983
0.9919999999999979
0.8799999999999986
1.087999999999998
0.9919999999999984
1.0239999999999982
1.039999999999999
0.9279999999999982
1.1359999999999983
0.9599999999999983
1.0399999999999983
0.9439999999999985
1.119999999999998
0.9759999999999985
0.9599999999999984
1.0239999999999978
0.9759999999999988
1.0399999999999987
1.199999999999998
0.8959999999999986
0.8639999999999985
1.0559999999999985
1.0079999999999982
1.1999999999999982
1.0559999999999987
1.039999999999999
0.8319999999999985
0.991999999999998
0.9919999999999984
0.975999999999998
0.9279999999999987
0.991999999999998
1.167999999999998
0.9599999999999984
1.0239999999999982
1.0559999999999985
0.9279999999999984
0.9759999999999985
1.0239999999999982
1.0399999999999985
0.9599999999999986
0.9119999999999987
0.9439999999999982
1.087999999999998
1.1039999999999983
1.1679999999999984
0.9119999999999986
0.9119999999999981
1.0559999999999985
1.0559999999999983
1.0399999999999987
0.9439999999999981
1.087999999999998
1.167999999999999
1.087999999999998
0.9759999999999984
1.0079999999999982
1.071999999999998
0.9599999999999984
1.0239999999999987
0.9439999999999985
1.1039999999999979
0.9919999999999983
0.9759999999999981
1.1679999999999984
1.0559999999999983
1.1039999999999985
0.9759999999999986
0.9919999999999984
0.9599999999999986
1.0719999999999983
1.1999999999999986
0.9279999999999983
1.0399999999999985
0.9599999999999983
1.0239999999999987
0.9599999999999982
0.9599999999999982
1.071999999999998
1.1679999999999986
1.0879999999999987
0.9599999999999982
1.055999999999999
1.0399999999999983
1.119999999999998
1.2159999999999984
1.263999999999998
1.2479999999999984
0.9919999999999983
1.0399999999999985
0.9279999999999984
0.9919999999999984
1.0079999999999982
1.055999999999998
0.9439999999999984
1.0879999999999983
1.0399999999999987
1.119999999999998
0.9919999999999982
1.1039999999999983
1.0079999999999985
0.9599999999999983
0.9119999999999985
0.9599999999999983
1.0559999999999983
1.1519999999999984
1.0399999999999978
0.9279999999999982
0.9759999999999984
0.9439999999999985
1.119999999999998
0.9919999999999984
1.0239999999999982
0.9599999999999984
0.9599999999999984
0.9439999999999985
0.9279999999999983
1.1199999999999986
1.3439999999999992
1.0079999999999982
1.0559999999999987
0.9919999999999984
1.0719999999999983
0.9439999999999985
1.039999999999998
1.0879999999999983
0.9119999999999984
0.8799999999999986
1.0559999999999983
1.0879999999999985
0.8959999999999982
1.3119999999999987
1.1039999999999983
0.9279999999999983
1.0239999999999985
0.9599999999999986
1.0719999999999983
1.119999999999998
1.0719999999999983
0.9279999999999984
1.023999999999998
1.087999999999998
1.119999999999998
1.1199999999999988
1.119999999999998
1.0239999999999987
0.9439999999999985
1.0079999999999987
1.0239999999999985
0.9919999999999987
1.1199999999999983
0.9599999999999987
0.8959999999999982
1.0559999999999987
0.9599999999999986
1.0879999999999983
1.0239999999999982
0.9759999999999985
1.103999999999998
1.1039999999999985
1.0399999999999987
1.0719999999999983
1.1359999999999981
1.0239999999999982
0.9439999999999982
1.3119999999999985
1.1519999999999981
1.0399999999999987
0.8959999999999988
1.0079999999999985
1.0879999999999985
1.0239999999999982
1.0239999999999985
0.9919999999999989
1.0079999999999982
1.0079999999999982
0.9279999999999987
0.9279999999999984
1.0399999999999985
1.0399999999999985
0.9279999999999986
0.9759999999999988
1.0399999999999987
1.247999999999998
0.9279999999999982
1.0399999999999983
1.0559999999999983
1.0399999999999983
0.9279999999999984
1.087999999999998
1.103999999999998
0.9599999999999983
1.0719999999999985
1.0079999999999982
1.0559999999999983
1.119999999999998
1.0719999999999994
0.9919999999999988
0.9919999999999982
1.0079999999999985
0.9759999999999984
0.9439999999999984
1.071999999999998
0.9919999999999984
0.9439999999999985
1.1359999999999983
1.1039999999999983
1.0399999999999983
0.9919999999999987
0.9599999999999986
0.9439999999999984
1.039999999999999
1.071999999999998
1.0399999999999985
0.9919999999999984
1.055999999999998
1.0879999999999987
1.0079999999999982
1.087999999999999
1.0719999999999985
0.9279999999999984
1.0559999999999985
1.055999999999998
0.9919999999999988
1.0559999999999983
0.9919999999999984
0.9279999999999983
1.119999999999998
0.8959999999999982
0.9279999999999983
1.0399999999999983
1.1039999999999983
0.9119999999999986
0.9759999999999985
1.2479999999999976
0.9759999999999982
1.0079999999999982
0.8799999999999985
0.9759999999999982
1.1199999999999983
1.0399999999999985
1.0399999999999983
1.0879999999999985
1.0719999999999983
0.9439999999999986
0.9599999999999986
0.9599999999999984
0.9599999999999986
1.007999999999998
1.0079999999999985
1.135999999999998
0.9279999999999984
0.9279999999999984
1.1999999999999984
0.9759999999999982
0.9119999999999985
1.119999999999998
1.1199999999999979
1.103999999999998
0.9439999999999985
1.0719999999999983
1.007999999999999
1.0239999999999982
1.1039999999999983
1.135999999999998
1.0399999999999983
1.1359999999999983
0.9439999999999982
0.9919999999999984
1.1359999999999983
0.9919999999999987
1.0559999999999983
0.9439999999999985
1.0079999999999982
1.1679999999999982
1.0079999999999987
1.231999999999998
0.9599999999999983
0.9439999999999984
1.0399999999999987
0.9439999999999982
1.119999999999998
1.1039999999999983
1.0239999999999982
1.0239999999999985
1.0399999999999983
1.2159999999999986
0.9279999999999982
0.9759999999999984
1.0399999999999983
0.9919999999999984
0.9759999999999984
0.9919999999999983
1.0559999999999983
1.0399999999999985
1.0559999999999983
0.9759999999999988
1.0559999999999985
1.151999999999999
1.0559999999999987
0.9119999999999985
1.1199999999999988
1.1039999999999988
0.9599999999999983
1.0239999999999982
0.943999999999999
0.9599999999999984
0.9279999999999986
0.9439999999999986
0.975999999999999
1.0719999999999983
1.0079999999999985
0.9279999999999984
0.9759999999999986
1.1199999999999983
1.0079999999999982
1.1199999999999979
1.0399999999999983
1.0239999999999982
1.0239999999999985
0.9439999999999985
0.9599999999999986
1.1039999999999985
1.1039999999999985
0.9759999999999986
0.9919999999999989
1.0079999999999985
1.1039999999999985
1.0079999999999987
1.0559999999999985
0.9119999999999986
0.9119999999999984
1.087999999999998
1.0399999999999983
1.023999999999998
1.0239999999999987
0.9599999999999983
1.0399999999999985
1.0559999999999983
1.0079999999999985
1.0559999999999983
1.0079999999999982
1.0719999999999985
0.9759999999999985
1.039999999999998
1.055999999999998
1.055999999999998
1.0719999999999983
0.9919999999999984
1.0559999999999985
0.9759999999999985
0.9599999999999983
1.1679999999999986
0.8799999999999986
0.9759999999999985
1.0079999999999982
1.0559999999999983
1.007999999999998
1.0399999999999978
0.9439999999999985
1.1039999999999983
0.9439999999999985
1.0079999999999985
0.9599999999999982
1.055999999999998
0.9759999999999984
1.007999999999998
1.0239999999999987
1.1359999999999977
1.0399999999999987
0.9919999999999982
1.0399999999999983
1.0399999999999983
0.9119999999999986
1.0879999999999983
0.9439999999999984
1.0399999999999983
1.0879999999999983
1.0079999999999982
0.9599999999999982
1.103999999999998
1.1199999999999983
1.0239999999999987
0.9919999999999983
0.9439999999999986
1.055999999999998
0.9919999999999982
1.103999999999998
1.0879999999999985
0.9759999999999982
0.9439999999999985
0.991999999999998
0.9599999999999982
0.8959999999999984
0.8959999999999986
1.0239999999999985
1.0079999999999987
1.2639999999999973
1.0239999999999987
1.0239999999999982
1.007999999999999
1.0239999999999985
1.0559999999999983
1.0079999999999982
0.9279999999999986
1.0239999999999987
1.0719999999999985
1.0239999999999985
1.103999999999998
1.0239999999999982
0.9439999999999986
1.1199999999999983
0.911999999999998
1.0239999999999987
1.0239999999999982
1.1039999999999985
1.0879999999999983
1.0239999999999987
0.975999999999999
1.0879999999999992
1.071999999999998
1.0719999999999983
1.1199999999999983
1.1999999999999984
1.0079999999999985
1.0399999999999985
1.0719999999999985
1.0879999999999983
1.103999999999999
1.1519999999999986
1.0719999999999983
0.9279999999999984
1.1359999999999981
1.0079999999999982
1.0239999999999987
1.0559999999999985
0.9599999999999983
0.9119999999999981
1.0239999999999987
0.9599999999999987
0.9759999999999982
1.1359999999999986
1.0399999999999983
1.0559999999999983
0.8799999999999986
0.9279999999999984
0.9599999999999984
0.9759999999999986
0.9119999999999985
1.071999999999998
0.9919999999999982
1.0079999999999982
0.9279999999999986
0.9919999999999984
0.9439999999999981
1.1359999999999983
0.9119999999999984
0.8959999999999986
0.9119999999999985
0.9279999999999986
1.0719999999999983
1.1199999999999983
0.9119999999999984
1.0879999999999987
0.9759999999999985
0.9759999999999982
0.9279999999999984
0.9599999999999987
0.9119999999999984
1.0879999999999983
0.9279999999999986
1.0079999999999987
0.991999999999998
1.1359999999999986
0.9919999999999988
0.8959999999999986
1.0719999999999987
0.9599999999999984
1.2479999999999982
1.071999999999998
1.0399999999999983
1.1199999999999983
1.0559999999999985
1.0079999999999985
0.8799999999999986
0.9119999999999985
0.9439999999999985
1.0399999999999985
0.9919999999999984
0.9439999999999984
0.9919999999999982
1.0079999999999982
0.9599999999999986
1.0239999999999982
0.9919999999999987
1.0719999999999985
0.9599999999999987
0.9599999999999984
1.263999999999998
0.9279999999999983
1.0559999999999985
0.9759999999999985
0.9919999999999988
1.0239999999999982
1.0079999999999985
1.231999999999998
1.0399999999999983
1.0399999999999983
0.9279999999999983
1.0879999999999983
1.0079999999999985
0.9279999999999983
1.007999999999998
0.9919999999999983
1.2319999999999982
1.119999999999998
1.0399999999999985
1.0559999999999983
0.9759999999999984
1.0079999999999982
0.8959999999999984
1.1039999999999983
0.9439999999999984
1.231999999999998
1.2159999999999982
0.8959999999999982
1.039999999999998
1.1359999999999983
0.9919999999999983
1.0079999999999985
1.0079999999999982
0.9599999999999984
0.9759999999999986
1.1359999999999986
0.9919999999999983
0.9599999999999982
1.0079999999999982
1.0879999999999985
0.9759999999999986
1.0559999999999987
1.0239999999999985
1.055999999999998
0.8959999999999982
0.9919999999999983
0.9759999999999984
0.9279999999999983
1.055999999999998
0.9439999999999982
1.0719999999999983
0.9279999999999983
1.0239999999999982
1.007999999999998
0.9759999999999986
1.0239999999999987
0.9919999999999983
0.9759999999999984
1.1999999999999984
0.9919999999999983
0.9759999999999982
1.087999999999998
1.0559999999999985
1.0559999999999983
0.8959999999999982
1.2639999999999985
0.9919999999999982
1.1199999999999983
1.0399999999999983
1.1199999999999974
1.1199999999999983
0.9439999999999981
1.0079999999999982
0.9759999999999982
0.9439999999999982
1.0239999999999985
1.0399999999999985
0.9759999999999985
0.9759999999999984
1.0559999999999983
1.1839999999999982
0.9279999999999986
1.0559999999999983
1.0079999999999982
1.087999999999998
0.9599999999999984
0.9119999999999981
1.039999999999998
1.0079999999999985
1.0079999999999987
1.0239999999999987
0.9599999999999984
0.9759999999999988
1.0719999999999978
0.8959999999999984
1.0399999999999985
0.9919999999999983
1.0399999999999987
0.9919999999999987
0.9599999999999983
1.0239999999999982
0.9759999999999984
1.1359999999999983
0.9919999999999983
0.9919999999999983
1.0559999999999987
0.9599999999999983
0.9439999999999985
1.1199999999999983
1.199999999999998
0.9919999999999982
0.9919999999999984
1.0879999999999983
1.0559999999999985
1.103999999999998
1.055999999999998
0.9279999999999982
0.9599999999999986
1.0399999999999983
0.8959999999999986
0.9599999999999984
1.1199999999999983
