2.0320000000000005
1.7240000000000004
1.9839999999999995
2.027999999999999
1.7800000000000005
1.7399999999999998
1.7080000000000002
1.5520000000000003
1.611999999999999
1.916
1.2800000000000002
1.3319999999999996
1.4679999999999997
1.2679999999999998
1.276
1.5719999999999996
1.484
1.5200000000000002
1.028000000000001
1.2000000000000004
1.176000000000001
1.1240000000000006
1.4240000000000015
1.2800000000000002
1.3519999999999999
1.2560000000000007
1.1440000000000006
1.028000000000001
1.0240000000000007
1.2719999999999998
0.9760000000000002
1.208
1.1360000000000006
0.948
0.988000000000001
1.14
1.1360000000000015
1.1080000000000003
1.1079999999999999
1.2200000000000006
1.0480000000000005
1.1199999999999999
1.04
1.0640000000000012
0.9640000000000001
1.2879999999999996
1.180000000000001
1.1480000000000001
1.0840000000000005
1.06
1.104
0.8600000000000004
0.9760000000000002
1.032
1.0600000000000005
1.072
1.056
0.9440000000000004
1.2240000000000004
1.0120000000000005
0.8960000000000001
1.2600000000000002
1.0840000000000003
0.9
0.920000000000001
0.8040000000000004
1.1319999999999997
1.1440000000000006
1.2520000000000011
1.08
1.128
1.3320000000000005
0.9080000000000004
1.4759999999999998
0.8359999999999999
0.9080000000000004
1.1
1.0520000000000003
0.9279999999999995
1.1480000000000001
1.1640000000000006
0.9880000000000009
1.1039999999999999
1.2480000000000002
1.1080000000000003
1.2800000000000002
0.916
1.024000000000001
0.7840000000000009
1.0840000000000005
1.0600000000000005
1.1200000000000003
1.1159999999999999
1.1000000000000008
1.0080000000000002
0.8640000000000003
1.0239999999999998
0.8160000000000008
0.992000000000001
1.068
1.1000000000000005
1.0360000000000007
1.1560000000000006
1.020000000000001
0.9800000000000005
1.264
1.1520000000000001
1.1479999999999992
0.8560000000000001
0.988
1.0080000000000005
0.9159999999999999
1.0439999999999998
0.9960000000000003
1.2079999999999997
0.8680000000000007
1.0000000000000002
1.1640000000000006
1.0480000000000007
0.884
0.9280000000000004
0.9520000000000012
1.0000000000000007
1.1360000000000008
1.0599999999999996
1.2000000000000002
1.0480000000000005
0.9120000000000006
1.0000000000000002
1.0400000000000005
1.02
1.2400000000000004
1.0000000000000007
0.8680000000000008
0.9120000000000001
1.1720000000000002
1.0800000000000005
1.268
1.1840000000000006
0.9120000000000006
0.9600000000000005
1.108
0.9840000000000001
0.9760000000000005
0.9079999999999996
1.0320000000000005
1.12
1.2399999999999998
1.1080000000000005
0.9640000000000001
1.0919999999999999
1.2319999999999998
1.3360000000000003
1.2200000000000013
0.7960000000000003
1.3239999999999994
1.4799999999999995
1.180000000000001
1.0840000000000003
0.9680000000000001
1.0520000000000005
0.98
1.036000000000001
1.2120000000000004
0.8199999999999997
1.052
1.0040000000000004
1.1680000000000004
1.1799999999999997
1.0240000000000007
1.0879999999999999
1.0040000000000002
0.8720000000000003
0.8640000000000008
1.06
1.1200000000000003
1.1280000000000008
0.9520000000000006
1.2360000000000009
0.9359999999999999
0.872
0.9760000000000006
1.004
1.1400000000000006
0.772000000000001
1.0760000000000003
0.9200000000000006
1.4440000000000004
1.1720000000000004
0.8880000000000001
0.9240000000000004
1.0440000000000005
1.072000000000001
0.9720000000000003
0.976
0.9960000000000009
0.972
0.9279999999999998
1.2719999999999996
1.0360000000000005
1.1759999999999997
1.0759999999999998
0.9000000000000001
1.016
0.8040000000000002
1.0640000000000003
0.9160000000000003
0.8920000000000008
0.8559999999999997
0.8959999999999997
0.916000000000001
0.8720000000000002
0.8679999999999999
0.9920000000000009
1.2400000000000002
1.1960000000000006
1.1440000000000001
0.9560000000000005
1.068
1.1159999999999999
1.1559999999999997
1.080000000000001
1.0879999999999999
0.9880000000000005
0.9119999999999996
0.9120000000000006
0.8920000000000003
1.3479999999999999
0.7959999999999994
1.0320000000000005
1.0640000000000005
1.1840000000000002
1.0800000000000005
1.0760000000000012
0.9320000000000008
0.9159999999999995
1.1520000000000006
0.9480000000000003
1.1200000000000012
1.044
1.0320000000000003
1.204
1.16
1.1120000000000005
0.7919999999999999
1.1280000000000006
1.1880000000000006
0.9000000000000008
1.1520000000000001
0.9200000000000003
1.3159999999999994
1.2480000000000007
0.9880000000000005
1.0120000000000002
0.8440000000000002
0.9360000000000013
1.2280000000000004
0.9839999999999999
0.9039999999999999
0.9600000000000007
1.0919999999999994
1.2120000000000004
1.0680000000000005
1.1920000000000008
0.9840000000000008
0.8680000000000004
0.9400000000000004
0.9440000000000005
0.9279999999999999
0.9000000000000005
1.1760000000000004
0.9200000000000003
1.3240000000000003
0.9720000000000004
0.7840000000000004
1.1079999999999997
0.836
1.1400000000000012
1.124000000000001
0.8120000000000006
0.8680000000000004
1.0880000000000007
1.156
1.1320000000000001
0.7720000000000001
0.9840000000000009
0.8599999999999998
0.8960000000000001
0.9000000000000007
1.032000000000001
0.9080000000000004
0.9600000000000005
1.2239999999999995
1.1600000000000013
1.0760000000000005
1.0120000000000007
0.9200000000000006
1.0120000000000002
1.26
0.9520000000000003
1.2
0.812
0.84
1.0280000000000005
1.192
1.068
1.1520000000000004
0.8079999999999998
1.1919999999999997
0.9280000000000005
0.8880000000000006
1.032000000000001
1.4000000000000004
1.0160000000000007
1.0440000000000011
0.8880000000000006
1.012
0.8440000000000003
0.9
1.0039999999999998
1.2480000000000002
0.9400000000000003
1.112000000000001
1.0799999999999998
1.0120000000000002
0.7240000000000002
1.1480000000000006
1.168
1.1400000000000003
1.0360000000000005
1.0760000000000003
1.0639999999999992
0.9120000000000005
1.1079999999999999
1.0440000000000007
0.9479999999999997
1.3160000000000005
1.0479999999999998
1.0759999999999998
0.9720000000000004
1.0640000000000007
1.2800000000000002
0.7839999999999999
0.8400000000000005
0.8080000000000007
0.9240000000000005
1.3399999999999992
1.1160000000000003
0.9960000000000002
1.060000000000001
0.9440000000000004
1.1280000000000003
1.0680000000000007
0.9439999999999996
1.1400000000000003
0.9120000000000007
1.0120000000000011
0.912
1.0920000000000005
0.8960000000000002
0.9000000000000005
1.1560000000000006
0.828000000000001
1.1400000000000003
0.8920000000000009
1.06
1.0720000000000005
0.9919999999999999
1.032
1.1199999999999997
0.9200000000000007
0.8000000000000002
1.0040000000000004
0.8680000000000002
1.0800000000000005
0.9679999999999995
1.12
0.8800000000000003
0.9960000000000006
1.1720000000000004
0.9960000000000006
1.196
1.1320000000000006
0.9960000000000002
1.1440000000000001
0.7160000000000007
1.024
1.0760000000000007
0.9840000000000009
1.0040000000000004
1.1520000000000004
0.8960000000000002
1.2160000000000009
1.0999999999999999
0.8800000000000001
1.0720000000000007
1.1760000000000002
1.1560000000000006
0.9320000000000005
0.86
0.9760000000000001
1.1840000000000004
0.736
1.5199999999999998
0.9000000000000001
0.9640000000000001
1.0440000000000005
0.816
0.8480000000000001
1.2839999999999998
1.0920000000000007
1.232
0.8560000000000002
1.036
1.1119999999999999
1.0040000000000004
1.1360000000000003
0.9640000000000003
1.1280000000000001
0.8400000000000014
0.9119999999999997
1.0800000000000012
0.9679999999999995
1.096
1.088
1.0320000000000007
0.86
1.1200000000000006
1.196
1.1360000000000008
0.9959999999999998
1.1160000000000005
1.0240000000000005
1.0280000000000005
0.9600000000000007
1.1520000000000001
0.8360000000000001
0.9120000000000009
0.9200000000000004
0.7439999999999998
0.7640000000000002
1.072
1.1800000000000002
1.1560000000000004
0.8319999999999999
0.884000000000001
1.068
0.9040000000000006
1.116
0.7520000000000004
0.9000000000000005
1.0880000000000007
0.8880000000000007
0.9160000000000008
1.0479999999999996
1.088
1.2720000000000005
0.980000000000001
0.9840000000000003
0.9080000000000001
0.9079999999999999
0.88
1.124000000000001
1.108
0.8720000000000004
1.1000000000000005
1.068
1.060000000000001
1.1560000000000006
0.9080000000000003
0.9720000000000006
0.9520000000000008
0.9600000000000005
1.0040000000000007
1.0639999999999998
0.9200000000000006
0.94
1.0040000000000004
0.8319999999999997
0.9320000000000005
1.1720000000000008
0.9759999999999998
1.2120000000000006
0.9120000000000004
1.155999999999999
1.1240000000000006
1.0400000000000005
0.8400000000000007
0.9599999999999993
0.9840000000000003
1.0240000000000007
0.8719999999999999
0.8120000000000006
1.224
1.0200000000000007
0.9480000000000003
1.1360000000000006
0.8400000000000005
0.8719999999999998
0.9600000000000005
0.9359999999999995
1.0360000000000005
1.288
0.88
1.072
1.0240000000000002
0.9120000000000004
0.8840000000000007
0.9920000000000004
0.9680000000000005
0.9560000000000004
1.1400000000000008
1.0200000000000007
1.1240000000000003
1.0320000000000007
0.9920000000000005
1.0239999999999996
0.784
1.0160000000000005
0.9800000000000001
1.1079999999999999
1.1520000000000006
0.8239999999999996
1.1120000000000003
1.008
0.8360000000000002
1.032
1.0200000000000005
0.8280000000000008
1.1400000000000003
0.8200000000000008
0.9080000000000001
0.8720000000000003
1.044
0.9680000000000006
0.9800000000000004
1.008
0.964
0.7280000000000001
1.2559999999999998
0.9640000000000002
1.0840000000000005
1.128
1.0880000000000003
1.0199999999999996
1.1040000000000008
1.208
1.0080000000000002
0.9920000000000002
1.0200000000000005
1.0040000000000007
0.8600000000000004
0.892
1.084000000000001
1.024
1.0199999999999998
1.268
1.1840000000000002
1.0960000000000003
0.8920000000000003
0.88
0.804000000000001
1.064000000000001
0.9280000000000005
1.1279999999999994
1.1880000000000006
1.0480000000000012
0.9760000000000008
0.7879999999999999
1.0160000000000002
1.0760000000000003
0.9760000000000002
1.1359999999999997
1.0200000000000005
1.1279999999999997
1.100000000000001
0.8560000000000002
1.0520000000000007
1.1800000000000004
1.1160000000000005
0.9680000000000001
0.9800000000000005
1.1959999999999993
0.8320000000000006
1.104
0.9320000000000002
1.0040000000000007
1.088000000000001
1.0080000000000005
0.8959999999999998
1.1160000000000008
0.932
1.2120000000000004
0.8800000000000003
1.0520000000000012
1.1400000000000003
1.2520000000000011
1.008
1.024
1.1200000000000003
0.9800000000000003
0.9520000000000002
1.008000000000001
1.1720000000000006
0.9680000000000004
1.064000000000001
0.9320000000000007
1.1480000000000006
1.1199999999999997
1.1080000000000008
1.1760000000000015
1.028000000000001
0.9679999999999996
1.124000000000001
1.1
0.944
1.0040000000000002
1.0320000000000005
1.0320000000000005
0.992
1.036
1.507999999999999
1.2160000000000002
0.9000000000000001
1.0720000000000003
1.1560000000000015
1.1640000000000001
0.8160000000000001
1.0759999999999998
0.9320000000000005
1.124
1.036
1.116
1.0239999999999998
0.9320000000000006
0.8200000000000002
0.9480000000000003
0.8280000000000004
1.1679999999999995
0.9640000000000005
1.148000000000001
1.164
1.308000000000001
0.8720000000000003
0.9400000000000006
0.9480000000000007
1.0480000000000007
0.9640000000000007
1.0200000000000002
0.976
1.0320000000000007
0.7840000000000005
1.3960000000000001
0.9200000000000002
0.9080000000000006
1.4039999999999997
0.9040000000000005
1.0160000000000002
0.9520000000000008
0.9680000000000004
1.0120000000000007
0.9400000000000008
0.9800000000000004
1.0080000000000005
0.9559999999999996
0.9679999999999995
1.0000000000000007
1.1640000000000008
1.1200000000000003
0.9360000000000008
0.8680000000000008
0.96
0.8720000000000004
1.1280000000000006
1.1719999999999995
1.2120000000000006
0.936
1.0880000000000007
1.124000000000001
0.9120000000000001
0.9280000000000009
0.9799999999999999
1.0439999999999998
1.0120000000000005
1.0760000000000007
0.9120000000000001
0.8920000000000006
0.9840000000000003
1.2279999999999998
0.904000000000001
0.9680000000000004
0.8120000000000007
1.128000000000001
1.0480000000000005
1.2480000000000002
1.024
1.0600000000000005
1.028
0.9640000000000002
1.0680000000000007
0.9039999999999999
1.096000000000001
0.9280000000000002
0.9560000000000006
1.1400000000000008
1.028
1.0520000000000005
0.8040000000000005
0.9839999999999997
1.052000000000001
1.1160000000000005
0.9800000000000003
0.9440000000000004
1.1879999999999997
0.9720000000000004
1.28
1.0959999999999996
0.8719999999999998
0.9640000000000002
1.1800000000000004
0.8759999999999997
1.0880000000000003
1.0320000000000005
1.3080000000000012
0.86
1.1840000000000006
1.1960000000000002
1.060000000000001
0.8440000000000005
0.9880000000000001
1.0679999999999996
0.9599999999999997
0.764
1.0360000000000003
1.3639999999999999
1.044000000000001
0.7519999999999998
0.8320000000000006
0.9320000000000005
0.8720000000000006
1.1319999999999992
1.1199999999999999
1.0840000000000005
1.0800000000000003
0.9600000000000004
0.9400000000000006
1.1480000000000001
1.1200000000000003
0.8880000000000007
1.1600000000000004
0.9560000000000004
1.0680000000000005
0.9960000000000003
1.2640000000000002
1.048000000000001
1.0880000000000003
0.9640000000000007
1.2160000000000002
0.8480000000000006
0.8480000000000004
1.0000000000000007
0.888
1.1080000000000005
1.1240000000000006
0.9680000000000013
1.1360000000000003
0.9679999999999994
0.8919999999999998
1.0320000000000003
1.16
1.060000000000001
1.104
0.9800000000000001
1.2000000000000006
0.9480000000000008
1.1400000000000012
0.7840000000000003
0.9080000000000001
1.024
1.008
0.9720000000000003
1.0640000000000005
1.0120000000000007
0.9040000000000006
1.0200000000000014
1.0920000000000005
0.8600000000000001
0.9560000000000005
1.1600000000000006
1.2280000000000004
0.904
0.9240000000000005
1.0200000000000005
1.0039999999999996
1.052000000000001
1.0960000000000003
0.9520000000000006
1.2480000000000004
0.9840000000000001
0.8999999999999996
0.9440000000000002
0.868
1.0240000000000007
1.0120000000000007
1.0840000000000007
1.060000000000001
0.8160000000000004
1.0160000000000011
0.9680000000000006
0.9880000000000001
1.3199999999999994
1.2679999999999996
0.8960000000000005
0.976
1.1200000000000012
0.9799999999999999
1.0920000000000003
0.9440000000000005
1.236
1.0360000000000007
1.0879999999999999
0.9919999999999998
1.2
0.9480000000000005
0.988
1.1080000000000003
0.9399999999999993
1.0880000000000007
0.9800000000000011
1.1160000000000005
0.7440000000000002
0.956000000000001
0.9599999999999999
1.1039999999999999
0.9640000000000003
0.9840000000000009
1.0399999999999994
0.9560000000000006
0.904
0.8919999999999996
1.0640000000000007
0.9480000000000005
1.1360000000000001
1.16
0.924
0.7680000000000006
1.0280000000000007
0.8960000000000007
1.1800000000000002
0.8680000000000002
0.8880000000000002
0.8240000000000003
1.048
0.9119999999999997
1.0599999999999998
0.9720000000000008
0.7440000000000004
0.9400000000000006
1.0199999999999998
1.1519999999999997
0.8920000000000001
0.9159999999999995
1.04
0.9600000000000004
0.8440000000000003
0.9200000000000004
1.1080000000000008
0.8480000000000011
0.9200000000000002
0.9840000000000011
0.9280000000000009
1.2000000000000006
1.1040000000000003
0.8080000000000008
0.9559999999999995
1.0240000000000005
0.9160000000000007
1.0840000000000005
1.1320000000000001
0.8560000000000006
1.0400000000000005
1.1600000000000008
0.9000000000000007
0.9960000000000007
0.9960000000000006
1.2440000000000007
0.9840000000000007
1.112000000000001
1.2040000000000008
1.092
1.1760000000000006
0.7559999999999998
0.812000000000001
0.9800000000000004
0.7880000000000004
0.8480000000000004
0.8599999999999994
0.9040000000000004
1.1160000000000003
1.0759999999999998
1.1760000000000002
1.128000000000001
1.1680000000000015
0.9040000000000004
1.2520000000000002
1.0760000000000003
1.064000000000001
0.9520000000000004
1.0080000000000002
0.8640000000000001
0.9520000000000003
1.0800000000000007
1.016
1.0960000000000008
1.0000000000000007
0.9920000000000002
0.9920000000000005
1.1360000000000003
0.7840000000000005
1.2920000000000005
1.028
1.1400000000000003
1.1320000000000006
0.9040000000000004
0.8239999999999997
0.8600000000000004
1.0320000000000005
1.1240000000000006
0.7760000000000002
0.8320000000000003
0.9560000000000006
1.0480000000000005
1.0279999999999996
1.040000000000001
1.1040000000000005
0.9040000000000005
0.8760000000000006
1.0480000000000003
1.18
0.9239999999999996
1.2640000000000011
1.048000000000001
1.0920000000000005
0.9080000000000003
1.0600000000000003
1.0640000000000005
0.8040000000000002
1.0440000000000007
1.0480000000000005
0.9200000000000002
1.1119999999999999
1.1000000000000008
0.8440000000000005
1.1120000000000003
1.1280000000000001
1.2160000000000004
1.2240000000000004
1.028000000000001
0.9640000000000003
1.1400000000000003
1.0120000000000005
1.032
1.3600000000000003
1.0000000000000009
0.9480000000000005
1.2079999999999995
0.9400000000000004
1.1520000000000004
1.1160000000000005
1.0399999999999998
1.1520000000000008
1.008000000000001
1.1440000000000001
1.38
1.1960000000000008
0.8680000000000004
0.9600000000000005
1.0960000000000003
1.1479999999999995
1.1159999999999994
1.0
1.108000000000001
0.9719999999999998
0.9080000000000003
1.1080000000000005
1.2519999999999991
0.8480000000000004
0.7640000000000002
0.7400000000000004
1.2360000000000002
0.9640000000000009
1.172
1.144000000000001
1.328
0.8120000000000002
1.2239999999999995
1.16
0.9080000000000007
0.892
1.3279999999999998
1.0800000000000005
0.8440000000000003
0.9360000000000009
1.1400000000000003
1.0640000000000003
1.1800000000000002
1.0680000000000003
0.94
0.9760000000000005
0.7480000000000004
0.9520000000000007
1.0200000000000005
1.2039999999999997
1.1800000000000004
1.192000000000001
1.156000000000001
1.2720000000000002
1.1360000000000008
0.8720000000000008
0.8080000000000008
1.1160000000000005
1.1560000000000004
0.8360000000000004
0.9600000000000002
1.0320000000000007
0.9320000000000003
0.9400000000000003
1.068000000000001
1.1320000000000001
0.9440000000000001
1.0480000000000005
1.0360000000000005
0.9760000000000008
1.1360000000000001
0.9920000000000004
1.268
1.1320000000000006
0.8160000000000003
0.9760000000000011
1.3240000000000007
0.9319999999999996
0.9640000000000001
0.8160000000000005
1.1000000000000008
0.7480000000000001
0.9079999999999999
1.0200000000000005
1.2399999999999998
0.872
0.9840000000000007
0.9000000000000005
0.9880000000000002
0.8320000000000007
1.0080000000000005
1.1080000000000003
0.9600000000000009
1.3400000000000007
0.8400000000000007
0.9120000000000005
1.0000000000000009
1.0240000000000007
1.2120000000000009
1.0880000000000003
1.0360000000000003
1.1080000000000008
0.9520000000000006
0.8160000000000005
0.8680000000000005
1.052
0.8400000000000002
1.0200000000000005
1.1160000000000003
1.1079999999999997
1.204
0.9280000000000002
0.9160000000000004
0.8880000000000001
1.0000000000000002
1.0840000000000007
1.1440000000000006
0.8440000000000002
0.9920000000000008
1.0000000000000009
1.3200000000000003
0.8080000000000004
1.0160000000000007
0.8280000000000004
0.8439999999999996
1.0600000000000005
1.1640000000000006
1.1200000000000003
1.112000000000001
1.004
1.0440000000000005
1.048000000000001
0.916
1.0160000000000007
0.748
1.2720000000000014
1.0120000000000005
1.124
1.1280000000000003
0.9800000000000008
1.128
1.3600000000000003
1.4440000000000004
1.0839999999999999
1.1879999999999997
0.8999999999999999
1.3639999999999994
1.0919999999999994
1.0600000000000005
0.9239999999999996
1.46
1.0920000000000003
1.2719999999999998
1.3920000000000003
1.0920000000000005
1.3519999999999999
1.16
1.8119999999999987
1.136
1.1680000000000001
1.124
1.5199999999999994
1.7760000000000007
1.431999999999999
1.2000000000000002
1.6280000000000008
1.4840000000000009
1.6119999999999997
1.284
2.0439999999999987
1.5559999999999996
1.8359999999999999
1.952
1.7720000000000002
1.8040000000000012
1.7000000000000002
1.6839999999999997
2.232
1.6879999999999997
1.5799999999999996
2.3200000000000007
2.4719999999999995
2.2039999999999993
2.0200000000000005
1.444
2.335999999999999
2.3919999999999986
1.9360000000000002
1.4159999999999995
1.8520000000000005
1.7519999999999998
1.8199999999999996
2.7239999999999993
1.4960000000000004
2.1279999999999997
2.0879999999999996
1.8879999999999992
2.339999999999999
1.8200000000000005
2.0839999999999996
1.8960000000000006
1.9280000000000006
2.1960000000000006
2.9559999999999995
2.196
1.8479999999999996
1.6399999999999997
2.380000000000001
2.5639999999999996
1.8479999999999996
1.9919999999999987
2.7479999999999993
1.8839999999999986
2.6520000000000024
3.8960000000000004
1.8359999999999994
2.548
2.3640000000000008
2.019999999999999
2.5159999999999996
2.115999999999999
2.8920000000000003
2.8239999999999994
2.5319999999999987
2.5719999999999987
2.4519999999999995
2.696
2.0959999999999996
2.8400000000000007
2.32
2.8440000000000007
2.1519999999999992
2.391999999999999
2.1439999999999992
2.36
2.495999999999999
2.28
2.5839999999999996
3.1559999999999993
3.068000000000002
2.687999999999999
2.5439999999999987
2.6999999999999975
2.5199999999999987
2.291999999999999
2.9279999999999995
2.6119999999999988
2.76
2.839999999999999
2.767999999999998
2.5519999999999987
2.984000000000001
2.244
2.612
3.2039999999999997
2.6240000000000006
2.527999999999999
3.159999999999999
2.795999999999998
2.451999999999999
2.3119999999999994
2.9800000000000013
2.3720000000000003
2.531999999999999
2.44
1.9559999999999989
2.768000000000001
2.6559999999999997
2.3279999999999994
2.5799999999999983
2.9040000000000004
2.5799999999999987
2.215999999999998
3.0439999999999996
3.4920000000000004
2.711999999999999
3.2000000000000006
3.424000000000001
3.0119999999999982
2.7799999999999976
2.8040000000000003
3.2119999999999993
2.3440000000000007
2.2679999999999993
3.0239999999999996
3.284
3.100000000000002
2.344
2.6519999999999992
3.004000000000001
2.6480000000000006
3.0440000000000005
3.1200000000000023
2.892
3.0999999999999996
2.86
2.8240000000000016
3.1679999999999997
2.819999999999999
2.523999999999999
4.036000000000001
3.587999999999999
3.1280000000000006
2.404
2.6559999999999993
2.515999999999997
2.8599999999999994
2.819999999999999
2.5159999999999996
3.188000000000001
2.8519999999999994
3.244000000000001
2.572
2.4799999999999986
3.032000000000001
3.0879999999999996
3.616000000000002
2.7639999999999993
2.551999999999999
3.184000000000002
3.388
3.7800000000000025
2.7799999999999994
3.08
3.415999999999998
2.9639999999999973
2.9040000000000004
3.2600000000000007
2.9839999999999987
2.8800000000000012
3.12
2.9400000000000004
3.292000000000001
2.9960000000000004
3.0280000000000014
3.3640000000000017
3.8399999999999994
2.5320000000000005
3.216000000000002
2.828000000000001
3.183999999999999
3.055999999999999
3.2800000000000016
2.5879999999999983
3.439999999999998
3.4040000000000017
2.7439999999999998
2.9560000000000004
2.904
3.468000000000002
2.187999999999999
3.0920000000000023
3.2239999999999998
3.3240000000000016
2.764
3.0520000000000005
2.688
2.9719999999999986
3.4920000000000018
2.4359999999999995
3.1999999999999993
2.9520000000000004
3.2760000000000016
2.4760000000000004
3.2920000000000003
2.571999999999999
2.835999999999999
3.6439999999999992
2.5039999999999996
3.4560000000000013
3.583999999999999
2.9879999999999978
3.1240000000000014
2.495999999999998
2.8079999999999994
2.755999999999998
3.636000000000001
2.532
3.608
2.9400000000000013
2.623999999999999
3.320000000000001
2.616
2.459999999999999
3.472
3.3240000000000007
2.8680000000000008
2.8680000000000003
2.7679999999999985
3.2600000000000007
3.6040000000000005
2.6719999999999975
2.399999999999998
3.6639999999999993
3.0599999999999996
2.2999999999999994
2.780000000000001
3.2599999999999993
3.0759999999999987
3.3319999999999994
2.8999999999999977
2.779999999999999
2.8360000000000007
3.4800000000000013
3.5160000000000013
2.4159999999999986
2.0639999999999983
2.8760000000000012
3.6519999999999992
2.5519999999999996
2.968000000000001
3.1120000000000005
3.5480000000000014
3.4519999999999995
3.1080000000000005
2.3999999999999995
2.4199999999999973
2.967999999999998
2.3639999999999985
3.3040000000000043
3.0799999999999987
3.9360000000000026
3.3960000000000004
3.3000000000000007
2.5639999999999996
3.1400000000000032
3.239999999999999
3.0239999999999996
2.9279999999999995
3.9480000000000013
2.923999999999999
3.608
2.3919999999999986
3.432000000000001
2.8919999999999986
2.8800000000000012
2.451999999999999
2.776
3.7039999999999997
2.8480000000000003
2.6280000000000006
2.7839999999999994
3.032000000000002
2.5559999999999996
2.4
3.588000000000002
2.88
2.8599999999999968
3.1959999999999997
2.639999999999998
3.2319999999999993
2.912000000000002
3.1319999999999992
3.016000000000001
2.552
2.8640000000000003
3.2
3.6359999999999997
2.824
2.6959999999999997
2.812
2.9200000000000004
3.1240000000000006
3.415999999999998
2.987999999999999
2.987999999999999
3.2919999999999994
2.3680000000000008
2.6639999999999997
3.0439999999999987
3.384000000000002
3.1319999999999997
3.324
3.740000000000003
3.487999999999998
2.639999999999999
2.924000000000002
2.4999999999999996
2.94
2.5079999999999996
3.212000000000002
2.696
3.0479999999999974
2.6119999999999983
2.804
2.5080000000000005
3.447999999999999
2.9519999999999986
2.7999999999999994
3.0359999999999974
2.8879999999999977
2.9560000000000004
3.188
2.788000000000001
3.611999999999999
3.012
3.1719999999999993
3.412
3.516000000000002
2.955999999999999
2.8319999999999994
2.8759999999999972
2.8759999999999986
2.7199999999999984
2.7680000000000007
3.1319999999999992
2.7959999999999985
2.5599999999999987
2.299999999999999
2.776
3.1519999999999997
2.159999999999999
3.4240000000000004
2.939999999999999
2.7600000000000007
2.883999999999999
2.439999999999999
2.8479999999999994
2.792
3.391999999999998
2.623999999999999
2.995999999999999
2.771999999999999
2.303999999999999
2.684000000000001
2.860000000000002
2.227999999999999
2.6719999999999993
3.2639999999999993
3.008
2.9240000000000004
3.004000000000001
2.7360000000000007
2.7640000000000002
2.9280000000000013
2.4560000000000004
2.323999999999999
2.6000000000000005
3.332000000000002
2.6559999999999984
2.7360000000000015
2.416
2.908000000000001
2.9399999999999995
2.328
3.100000000000001
2.9479999999999995
2.6479999999999997
2.6759999999999984
3.7680000000000007
3.4719999999999995
2.7
2.94
2.3199999999999994
2.596000000000001
2.5279999999999982
2.5679999999999996
2.092
3.1880000000000006
2.771999999999998
3.1999999999999993
2.3440000000000003
3.2760000000000002
2.8440000000000003
2.463999999999998
3.132000000000003
2.731999999999999
2.359999999999998
3.356
2.836
3.4200000000000013
3.4560000000000004
2.9159999999999995
3.5
3.2800000000000007
2.359999999999999
2.2039999999999993
4.007999999999999
2.5479999999999974
2.800000000000001
2.7199999999999984
3.008000000000001
2.888000000000001
2.7720000000000002
2.448
3.0239999999999996
2.8679999999999986
3.1199999999999988
2.335999999999999
2.5719999999999983
2.6439999999999997
2.347999999999999
2.947999999999999
3.283999999999998
3.472
3.2679999999999985
2.4839999999999973
3.5360000000000027
3.2159999999999975
2.1839999999999997
2.9439999999999986
2.923999999999999
2.5439999999999996
2.643999999999998
3.5600000000000005
4.22
2.5999999999999988
2.9160000000000004
2.4039999999999986
2.9200000000000004
2.527999999999999
3.056000000000001
3.355999999999998
3.648
2.9599999999999995
3.356
2.8599999999999994
3.4479999999999986
3.060000000000001
3.336000000000002
3.5360000000000014
3.1559999999999993
3.4400000000000017
2.731999999999999
2.7
2.924000000000001
2.299999999999999
3.075999999999999
3.3279999999999994
3.3480000000000008
3.4920000000000027
2.736
3.2799999999999994
2.9360000000000004
2.7679999999999993
2.7679999999999985
3.5639999999999987
2.991999999999998
2.583999999999999
2.355999999999998
2.395999999999998
3.5399999999999983
2.0599999999999987
3.0000000000000013
2.8160000000000003
3.0559999999999974
2.984
2.804
2.6239999999999997
2.959999999999998
3.0280000000000022
2.499999999999998
2.571999999999999
3.355999999999999
2.8600000000000008
3.187999999999997
3.652000000000001
3.3360000000000003
2.5799999999999983
2.8800000000000012
2.752
3.2320000000000015
2.5000000000000004
3.0439999999999987
2.752
2.7840000000000003
2.6639999999999975
3.2280000000000006
2.4559999999999986
3.0239999999999996
3.4760000000000013
3.1639999999999993
2.539999999999998
2.7040000000000015
2.992
3.5119999999999982
3.631999999999999
2.6760000000000006
3.055999999999999
2.72
2.8760000000000003
2.915999999999999
2.916000000000002
2.679999999999999
2.9640000000000004
2.563999999999999
2.7400000000000007
3.6559999999999997
2.4360000000000004
2.4360000000000004
2.8600000000000017
3.3760000000000026
2.7560000000000016
3.0280000000000005
2.8880000000000017
2.407999999999999
2.6960000000000015
2.8919999999999995
2.651999999999999
2.0839999999999983
2.72
3.275999999999998
3.1000000000000005
2.383999999999999
3.2360000000000015
2.948000000000001
3.2679999999999985
3.0680000000000005
2.8360000000000007
3.148000000000002
2.6679999999999997
3.112000000000001
2.3359999999999994
2.372
3.2120000000000006
2.952
2.5879999999999983
2.2039999999999993
3.168000000000001
3.067999999999999
2.5920000000000014
2.552
3.5720000000000023
3.0159999999999996
2.5759999999999996
2.4039999999999995
3.2239999999999998
2.7639999999999993
2.816
2.5159999999999987
3.2600000000000025
3.6319999999999997
2.5799999999999996
2.539999999999999
2.5159999999999982
2.355999999999998
3.456000000000003
3.0719999999999983
2.219999999999999
2.8199999999999985
3.3040000000000003
2.2919999999999985
2.779999999999999
2.8479999999999994
2.7639999999999985
2.963999999999998
3.908000000000001
2.427999999999999
2.56
2.9359999999999995
2.4119999999999986
2.0079999999999982
2.4519999999999986
3.587999999999999
3.0840000000000014
2.6439999999999997
2.555999999999998
2.835999999999998
2.9839999999999987
2.095999999999999
2.876000000000001
3.8520000000000003
2.1799999999999993
3.5040000000000022
3.1039999999999988
2.6239999999999988
2.9479999999999995
2.756
2.495999999999998
2.8120000000000016
3.3000000000000007
3.1879999999999984
2.751999999999998
2.6920000000000006
2.984
3.184
2.527999999999998
2.967999999999999
3.3239999999999994
3.2320000000000007
3.3280000000000003
3.1040000000000005
3.0160000000000013
1.9680000000000006
2.92
3.0440000000000014
3.048000000000002
2.5320000000000005
2.215999999999999
3.1719999999999997
2.791999999999998
2.5999999999999996
3.1400000000000023
3.4440000000000013
2.5759999999999996
3.163999999999999
3.0
2.564000000000001
2.3360000000000003
2.612
2.996000000000001
4.164000000000001
2.931999999999998
2.855999999999999
2.8479999999999994
2.1119999999999988
4.175999999999999
3.1679999999999984
3.335999999999999
2.708
3.011999999999999
2.9079999999999986
3.2880000000000007
2.987999999999999
2.511999999999999
3.1600000000000024
3.04
3.211999999999998
3.3919999999999972
2.8960000000000012
3.2399999999999993
3.087999999999999
2.527999999999999
3.071999999999999
2.9399999999999973
3.2400000000000007
3.116000000000001
3.156
3.2599999999999993
2.8959999999999995
3.0160000000000013
2.7679999999999985
2.7520000000000007
3.512
3.0639999999999996
3.116000000000001
3.348000000000001
3.48
2.2799999999999985
2.9839999999999987
3.032
2.5519999999999983
2.512
3.1759999999999993
3.472000000000001
3.1959999999999984
2.664000000000002
3.4760000000000013
3.0040000000000022
3.148
3.2279999999999998
2.8920000000000003
2.472
2.611999999999999
3.5400000000000023
3.2280000000000024
2.6759999999999993
3.424
2.687999999999999
3.0719999999999974
2.9119999999999986
2.535999999999998
3.311999999999997
2.359999999999998
3.3280000000000007
2.932
3.231999999999998
2.6319999999999997
2.299999999999997
2.9719999999999986
2.8679999999999986
2.4199999999999995
2.5639999999999983
2.9079999999999977
2.6959999999999993
2.676
2.899999999999999
2.9840000000000004
3.191999999999999
2.5599999999999996
3.4320000000000035
2.171999999999998
3.4000000000000012
2.6759999999999975
2.6239999999999974
2.7119999999999997
2.267999999999998
2.6719999999999984
2.5879999999999996
3.6439999999999992
3.163999999999998
2.772
3.3440000000000007
3.0439999999999996
2.799999999999999
2.907999999999999
3.3600000000000008
2.9279999999999995
2.8040000000000007
2.5479999999999987
3.2239999999999993
2.735999999999999
3.42
2.295999999999998
2.963999999999999
2.447999999999998
2.5559999999999983
3.1239999999999997
2.5559999999999996
2.592
3.0200000000000014
2.0799999999999996
3.0639999999999983
2.511999999999999
3.5839999999999996
3.2399999999999993
3.0559999999999974
2.8639999999999985
3.1559999999999993
2.591999999999997
2.8039999999999994
3.0239999999999996
3.084000000000001
2.3040000000000007
2.9520000000000004
3.368000000000001
2.531999999999999
3.5199999999999987
2.2600000000000002
2.991999999999999
2.8519999999999985
3.252000000000001
2.823999999999998
2.1879999999999997
2.252
2.427999999999998
3.267999999999999
2.159999999999999
2.8080000000000007
2.716
2.6079999999999997
2.868000000000001
3.7999999999999994
2.68
2.7
2.359999999999998
3.007999999999999
2.968
3.2080000000000024
2.859999999999999
2.959999999999999
2.495999999999998
2.972
3.7119999999999993
3.1880000000000006
2.831999999999999
3.1080000000000014
2.739999999999999
2.8160000000000003
3.0960000000000014
3.1120000000000005
3.12
2.6279999999999997
3.1879999999999984
3.18
3.3200000000000007
3.684000000000002
2.0880000000000005
2.5840000000000005
3.827999999999999
2.5839999999999987
3.276000000000002
3.484
2.6719999999999997
2.791999999999998
2.9880000000000013
3.2920000000000016
3.448
2.8600000000000008
2.7119999999999993
2.656000000000002
3.600000000000001
3.2760000000000025
2.947999999999999
2.7840000000000003
3.5320000000000022
2.5359999999999996
2.5759999999999996
2.7
2.684
3.1799999999999993
2.103999999999999
3.140000000000001
2.267999999999999
2.6999999999999993
3.6519999999999992
2.535999999999999
3.0479999999999996
2.607999999999998
2.676
3.223999999999998
3.235999999999998
2.575999999999999
2.907999999999999
3.239999999999999
3.636
3.419999999999999
2.74
3.756
3.2599999999999985
2.776
2.7720000000000002
2.267999999999999
3.776000000000002
2.6279999999999997
3.1279999999999997
2.807999999999998
3.191999999999999
3.0479999999999974
2.3799999999999994
3.756
3.400000000000003
3.084000000000001
3.239999999999999
3.1439999999999992
3.119999999999999
3.068
2.8359999999999967
2.9159999999999986
3.047999999999999
2.5759999999999987
2.8000000000000007
3.0799999999999987
2.7359999999999984
3.6200000000000006
2.4999999999999987
2.988
3.344
2.6279999999999983
3.692000000000001
2.428
2.9999999999999987
2.94
2.7319999999999993
2.532
2.9399999999999973
2.807999999999999
2.1959999999999993
2.8479999999999994
2.6920000000000006
2.9800000000000018
2.8280000000000003
3.008000000000001
2.808000000000001
2.748
2.819999999999999
2.8159999999999985
2.7839999999999994
3.3039999999999985
2.8919999999999986
2.872
2.6599999999999993
3.3719999999999994
3.4159999999999995
2.7839999999999985
3.3599999999999977
3.3680000000000008
2.704
2.424000000000001
2.3799999999999994
3.2520000000000016
3.083999999999999
2.9920000000000004
3.7800000000000016
2.499999999999999
2.9879999999999995
2.563999999999999
2.3479999999999976
2.859999999999996
3.1719999999999997
2.332
3.288000000000001
3.1320000000000014
3.0439999999999974
3.1719999999999993
3.291999999999998
2.875999999999999
3.1720000000000024
2.523999999999999
2.812
2.664
2.291999999999999
2.747999999999999
2.8479999999999994
2.9440000000000004
3.4519999999999986
2.9
2.9600000000000004
3.612000000000001
3.2720000000000002
2.9679999999999995
2.8919999999999986
3.143999999999999
2.856
2.6759999999999993
2.952
2.992
3.028
3.5120000000000022
2.64
2.8919999999999986
3.3480000000000025
3.2
2.8360000000000003
3.1919999999999993
2.164
3.2000000000000024
2.6599999999999984
2.6759999999999993
3.2359999999999984
3.0199999999999996
3.344000000000003
2.7239999999999975
3.1519999999999997
2.879999999999999
2.795999999999999
3.508
3.536
3.2
2.772000000000001
2.755999999999998
3.268000000000001
2.6079999999999988
2.8039999999999985
2.804
2.939999999999998
2.6999999999999993
2.7600000000000007
2.612
2.6479999999999984
2.7839999999999976
2.419999999999999
3.1319999999999997
3.2760000000000007
2.9639999999999986
3.8400000000000016
3.515999999999999
3.3160000000000003
3.3960000000000026
2.8320000000000003
2.9320000000000017
2.7439999999999984
2.832000000000001
2.7760000000000007
2.756
2.932
2.476000000000001
3.012
3.1920000000000006
2.9840000000000004
2.8120000000000003
3.1519999999999984
3.200000000000001
2.7119999999999993
3.128000000000002
2.964000000000001
3.3400000000000007
3.2160000000000024
3.147999999999999
2.988000000000001
3.3519999999999994
3.2039999999999993
2.7799999999999976
3.3440000000000025
3.8880000000000012
3.552
2.1559999999999993
3.392
3.6520000000000024
2.6239999999999988
3.264000000000001
2.896000000000001
3.315999999999999
3.48
3.383999999999999
2.591999999999999
2.4880000000000004
2.319999999999999
2.652000000000001
2.7199999999999993
2.859999999999999
3.1519999999999997
3.611999999999999
2.615999999999999
3.3360000000000003
2.939999999999998
2.8560000000000003
3.2400000000000007
3.5319999999999987
3.6119999999999965
2.516
2.475999999999998
2.4119999999999995
3.019999999999998
2.8280000000000003
2.84
2.619999999999999
3.0079999999999996
2.703999999999999
2.96
2.7919999999999976
3.184000000000001
2.7479999999999993
3.2280000000000006
2.7319999999999975
2.924000000000001
2.575999999999998
2.6159999999999997
3.152000000000001
2.523999999999999
2.919999999999998
3.2239999999999998
3.104000000000001
2.292
2.6919999999999993
3.1039999999999996
3.4559999999999995
3.0360000000000014
2.800000000000001
2.8799999999999994
2.8799999999999994
2.972
3.156000000000002
2.7680000000000002
2.995999999999999
2.7080000000000006
2.495999999999998
2.872
2.987999999999998
2.5999999999999988
2.8719999999999986
3.052
2.9479999999999995
2.68
2.6599999999999993
3.812000000000002
3.1200000000000006
3.7720000000000002
2.648
2.4239999999999995
3.1679999999999975
2.984000000000002
2.8040000000000007
3.068
2.8519999999999976
3.231999999999999
2.8879999999999986
2.9160000000000004
2.7760000000000002
2.88
2.8879999999999995
2.551999999999999
3.3319999999999994
2.323999999999999
3.3039999999999976
2.9839999999999987
3.2439999999999998
3.760000000000001
2.776
3.547999999999998
3.8320000000000016
3.588
3.6279999999999997
2.4319999999999986
3.0640000000000005
2.9120000000000004
3.076000000000001
3.008000000000002
2.476
3.5359999999999996
3.020000000000002
4.008000000000001
2.863999999999998
2.9760000000000018
2.5920000000000005
2.927999999999999
3.1799999999999993
3.2480000000000007
3.251999999999999
2.8080000000000003
3.4919999999999987
2.844
2.8839999999999986
3.600000000000003
2.8839999999999986
2.916000000000001
3.2960000000000007
2.8799999999999994
2.2879999999999985
2.912
3.4999999999999982
3.1200000000000006
2.9599999999999977
2.599999999999997
2.955999999999999
2.5519999999999983
3.160000000000001
2.948000000000001
3.736000000000002
2.727999999999998
2.6959999999999997
2.8999999999999995
2.8999999999999995
2.8759999999999972
3.1279999999999997
3.44
3.1879999999999997
2.8439999999999985
2.9639999999999986
2.775999999999999
2.804
2.9840000000000004
2.2119999999999993
3.0599999999999996
3.2719999999999994
2.908
2.2879999999999994
2.443999999999999
2.7319999999999993
2.827999999999999
3.6880000000000024
2.4439999999999986
2.528
2.736
2.591999999999999
3.172000000000001
2.5519999999999996
2.615999999999999
2.7359999999999998
2.839999999999999
2.3599999999999985
3.5880000000000014
2.8640000000000003
3.3559999999999985
2.7399999999999993
3.552
3.091999999999999
2.6919999999999975
2.9039999999999986
2.7559999999999985
2.911999999999998
3.428000000000001
2.9800000000000004
3.0999999999999996
3.012
3.1159999999999997
2.6159999999999997
3.036000000000001
2.759999999999999
2.7679999999999993
2.5799999999999996
2.4239999999999977
3.284
2.644
2.3400000000000007
2.491999999999999
2.832000000000001
3.7119999999999997
2.9799999999999978
3.0359999999999996
3.1079999999999983
2.84
2.863999999999999
2.5399999999999974
2.8320000000000003
3.336000000000001
3.031999999999999
2.8560000000000003
2.6239999999999974
2.499999999999999
3.5960000000000014
2.779999999999999
3.2279999999999998
3.2760000000000002
3.639999999999999
2.6039999999999996
2.628
3.5000000000000036
3.0800000000000005
2.2439999999999998
3.064000000000001
2.4519999999999995
2.9319999999999995
2.575999999999999
2.827999999999999
2.636
3.2720000000000002
2.96
2.948000000000001
2.539999999999999
2.728
3.259999999999999
2.963999999999999
2.9519999999999986
2.7639999999999976
2.647999999999998
3.0679999999999996
3.339999999999999
2.5319999999999996
3.035999999999999
2.6239999999999988
2.716
3.3480000000000016
2.892
2.748
2.6039999999999996
2.915999999999998
2.955999999999999
2.9799999999999995
2.835999999999999
2.8720000000000017
3.075999999999999
2.9959999999999978
2.9360000000000013
3.331999999999999
3.0280000000000022
3.096000000000001
2.808000000000003
3.956000000000001
2.827999999999999
3.2039999999999975
2.9039999999999977
2.7680000000000007
3.028000000000002
2.792
2.9320000000000026
2.9279999999999995
3.119999999999997
3.032
2.9479999999999986
2.7680000000000007
2.6879999999999997
3.4200000000000017
3.271999999999998
2.872
2.8280000000000003
3.268000000000003
2.7760000000000007
3.279999999999999
3.1039999999999996
2.935999999999997
3.5999999999999983
2.443999999999998
3.272
3.2560000000000007
3.259999999999999
2.643999999999999
2.735999999999999
3.3640000000000008
2.139999999999999
2.639999999999999
3.5480000000000014
2.411999999999999
3.3280000000000007
2.532
3.0720000000000005
2.7560000000000002
2.8439999999999976
2.463999999999998
2.9840000000000027
2.9680000000000017
2.8279999999999994
2.4839999999999973
2.66
2.696
3.048000000000002
2.435999999999998
2.6239999999999988
3.015999999999998
3.0159999999999987
3.504000000000001
3.688
3.007999999999999
3.1560000000000015
2.4959999999999987
2.347999999999999
3.0320000000000005
2.467999999999999
2.5359999999999983
3.3760000000000003
2.6559999999999997
2.999999999999998
2.4319999999999995
2.8720000000000003
2.9400000000000017
2.3559999999999994
2.9079999999999995
2.6639999999999997
2.8960000000000004
2.8399999999999994
2.395999999999999
3.075999999999999
2.852
2.931999999999998
2.983999999999999
2.824
3.6839999999999993
2.5359999999999987
2.443999999999998
3.072
3.7760000000000007
3.2920000000000003
3.2640000000000016
3.211999999999998
3.2119999999999993
2.643999999999999
3.1840000000000015
2.840000000000001
3.924000000000002
3.064000000000001
3.64
2.547999999999999
3.5279999999999996
2.3480000000000003
3.8000000000000034
2.363999999999999
3.7080000000000024
3.0000000000000004
3.052000000000001
2.5799999999999987
3.1079999999999997
2.9599999999999977
2.6039999999999988
2.555999999999999
2.556
2.548
2.348
3.2160000000000015
2.8080000000000003
2.7159999999999984
2.5999999999999996
3.116
2.679999999999999
2.9279999999999995
3.028
2.184
2.6080000000000005
3.236000000000002
2.3840000000000003
2.6479999999999997
2.288
2.392
2.8479999999999994
2.9319999999999995
2.8879999999999986
2.275999999999999
3.876000000000002
2.9480000000000013
2.8119999999999994
2.8480000000000003
2.4439999999999977
3.031999999999999
2.835999999999999
2.976000000000001
3.171999999999999
2.879999999999998
2.835999999999999
2.648
3.5120000000000005
2.8720000000000003
3.3319999999999994
2.6599999999999984
2.724
2.8800000000000017
3.671999999999999
2.6039999999999996
2.58
2.943999999999999
3.5000000000000013
2.44
3.7520000000000016
2.9360000000000004
3.327999999999999
2.7239999999999998
2.928
2.443999999999999
3.1079999999999974
3.5720000000000005
3.080000000000002
3.1880000000000024
3.0599999999999987
2.76
2.307999999999998
2.5199999999999996
2.8680000000000017
2.784
2.7039999999999997
2.8679999999999977
2.964
2.563999999999999
3.3120000000000003
4.184000000000002
3.103999999999999
2.7880000000000007
3.015999999999999
2.7119999999999997
3.432
2.6039999999999988
2.28
2.7279999999999998
3.7480000000000024
2.4479999999999986
2.2999999999999985
3.1199999999999983
3.2359999999999984
3.087999999999999
2.363999999999998
3.0080000000000013
2.6759999999999993
2.7480000000000007
2.64
2.56
2.7399999999999993
2.8760000000000003
2.616
2.820000000000002
2.8559999999999985
2.583999999999998
2.7200000000000015
2.459999999999999
2.6759999999999993
2.4479999999999986
3.3519999999999985
2.6040000000000005
2.9679999999999995
3.067999999999999
3.1159999999999997
3.532
2.7680000000000002
3.012000000000001
3.1639999999999997
3.2919999999999994
3.443999999999999
2.519999999999999
3.1560000000000006
3.0480000000000005
2.987999999999998
2.0480000000000005
3.028
2.408
2.1559999999999993
2.711999999999998
2.3839999999999995
2.5799999999999996
3.2160000000000015
3.127999999999999
2.9720000000000004
2.7599999999999993
3.18
3.1199999999999983
2.944000000000002
3.2280000000000006
3.119999999999999
2.532
2.8200000000000007
3.140000000000002
2.6759999999999984
2.668
2.879999999999999
3.1560000000000006
3.0759999999999996
2.7039999999999997
2.92
2.943999999999999
3.300000000000001
2.8320000000000016
2.748000000000001
2.952
2.8439999999999994
3.8400000000000034
3.4320000000000004
3.4600000000000013
3.012000000000002
2.459999999999999
3.6000000000000005
3.475999999999999
3.3759999999999986
2.772000000000001
2.6159999999999997
3.6599999999999993
3.1000000000000005
3.0560000000000014
2.924
3.100000000000002
3.1200000000000006
3.0760000000000014
3.255999999999999
3.016
3.1799999999999984
2.175999999999998
3.3119999999999994
2.9519999999999995
3.2439999999999998
2.8760000000000003
3.2639999999999985
3.332
2.1959999999999984
2.467999999999998
2.923999999999998
3.412000000000001
3.252
3.068
2.699999999999999
2.896000000000001
2.247999999999999
3.260000000000004
3.051999999999999
2.968000000000001
3.0840000000000014
2.7079999999999984
2.568
2.7239999999999984
2.5399999999999987
3.3480000000000003
2.5799999999999996
2.555999999999999
2.3679999999999986
3.0
2.9400000000000017
3.491999999999998
2.9720000000000004
2.856
2.7799999999999994
2.359999999999999
3.3639999999999985
2.771999999999999
2.6559999999999997
2.423999999999999
2.948000000000003
2.3240000000000003
2.816
2.411999999999999
2.7239999999999984
3.204000000000001
2.4999999999999987
3.2439999999999984
2.5680000000000014
3.4879999999999995
2.2559999999999985
2.6559999999999993
2.34
3.3280000000000016
3.5879999999999983
2.471999999999999
3.076000000000001
2.98
2.5199999999999987
3.071999999999999
2.9520000000000004
2.8480000000000003
3.4199999999999995
3.5680000000000005
2.516
3.36
2.443999999999999
3.3440000000000003
3.304
2.624000000000001
4.0920000000000005
3.103999999999998
2.5119999999999987
2.1199999999999983
2.451999999999998
3.1839999999999997
4.403999999999997
3.015999999999999
3.384
3.0399999999999987
2.532
2.3280000000000003
2.675999999999998
2.7679999999999985
2.527999999999998
2.664
2.2320000000000007
2.867999999999997
2.579999999999998
2.759999999999999
2.9240000000000004
3.04
3.1680000000000024
3.3600000000000017
3.7239999999999993
3.444
3.3120000000000016
3.12
3.0120000000000005
2.787999999999999
2.6839999999999993
2.664
3.084000000000001
2.5519999999999983
3.136
3.491999999999999
3.54
3.860000000000001
2.9840000000000004
3.1159999999999983
3.8639999999999985
2.4119999999999995
3.6639999999999997
3.076
2.879999999999999
3.179999999999999
2.9399999999999995
2.915999999999999
2.660000000000001
3.336000000000001
3.692000000000001
2.167999999999999
3.3320000000000016
3.5720000000000027
2.772
3.548000000000002
3.14
3.5399999999999983
2.7119999999999997
2.54
3.2000000000000006
3.271999999999999
2.7959999999999976
2.811999999999999
2.2319999999999993
2.527999999999999
3.3839999999999986
2.879999999999998
2.3839999999999972
2.884000000000002
3.1400000000000006
2.683999999999999
3.2999999999999985
3.4399999999999995
2.7920000000000003
3.2400000000000007
2.7679999999999993
3.352000000000002
2.6120000000000005
3.6920000000000015
2.2879999999999994
2.4759999999999986
3.1719999999999997
3.088000000000002
2.9399999999999995
2.5639999999999996
3.2760000000000016
2.975999999999999
3.016000000000002
3.011999999999999
2.6639999999999993
3.3560000000000003
2.652000000000001
3.5039999999999996
3.332000000000001
2.535999999999999
3.088
3.0
2.5000000000000004
2.975999999999999
2.487999999999999
3.180000000000001
3.8200000000000034
2.939999999999998
2.7239999999999998
3.147999999999999
2.612
2.728
3.067999999999999
3.3880000000000012
2.912
2.9959999999999987
2.8960000000000004
3.3040000000000007
3.64
3.064000000000003
2.8519999999999985
1.9999999999999998
2.8360000000000003
3.0
2.856000000000001
2.708
2.384
3.1000000000000005
3.0320000000000005
2.9200000000000004
3.2520000000000033
2.727999999999998
2.371999999999998
3.231999999999998
3.1199999999999988
2.812000000000001
2.635999999999998
2.8480000000000003
2.5799999999999996
2.868000000000001
3.0679999999999996
2.7519999999999993
3.8480000000000003
2.996000000000001
3.0959999999999983
2.9120000000000026
2.4560000000000004
2.6039999999999996
3.2840000000000003
2.7159999999999997
2.907999999999999
2.5240000000000005
2.5999999999999996
3.0800000000000005
3.2799999999999985
2.7039999999999997
2.7999999999999976
2.6080000000000005
2.423999999999999
2.3400000000000003
2.9759999999999978
3.1639999999999997
2.628
3.0479999999999983
2.191999999999999
2.187999999999999
3.112000000000001
3.2599999999999993
3.2159999999999997
2.9720000000000004
3.1959999999999984
3.080000000000001
3.7000000000000024
2.607999999999998
3.127999999999999
2.943999999999999
3.4960000000000004
2.6239999999999988
2.648
2.5560000000000005
2.8959999999999995
2.7520000000000007
2.6
2.163999999999998
2.4119999999999986
2.884
2.9120000000000004
3.3720000000000003
2.9719999999999986
2.6039999999999996
3.516000000000001
3.3719999999999994
2.5119999999999996
2.827999999999999
3.3680000000000003
3.24
3.1279999999999983
2.8320000000000025
2.5439999999999983
2.9559999999999986
3.359999999999999
3.363999999999999
3.1160000000000014
3.8320000000000016
2.187999999999999
2.9000000000000004
3.284000000000002
3.0199999999999982
2.8880000000000012
2.731999999999999
3.4999999999999996
2.6679999999999997
3.0840000000000005
2.592
2.355999999999999
3.0560000000000014
2.46
3.5519999999999987
2.3799999999999986
2.724
2.7439999999999984
2.7359999999999998
3.156
3.248000000000001
3.5160000000000027
2.6039999999999974
2.928
2.795999999999999
2.9959999999999987
2.8679999999999963
2.6439999999999997
2.8320000000000003
4.139999999999999
2.752
3.0480000000000005
3.18
2.9639999999999986
3.6119999999999988
2.6559999999999997
2.8640000000000008
3.06
2.9120000000000004
2.616
2.496
3.183999999999997
2.4160000000000004
2.9400000000000013
1.9439999999999988
2.7599999999999985
3.3120000000000016
3.1439999999999997
3.0240000000000014
3.4479999999999973
2.983999999999999
3.6039999999999996
2.8280000000000007
3.0559999999999996
3.5639999999999987
2.752
2.9239999999999986
2.8199999999999994
2.8399999999999994
3.6320000000000006
2.7599999999999967
2.9639999999999973
3.212000000000001
2.8920000000000012
3.044000000000001
2.804000000000002
3.5640000000000014
2.6759999999999993
2.84
2.819999999999999
3.139999999999998
2.3719999999999994
2.82
2.963999999999998
3.4599999999999995
2.828000000000001
2.3200000000000003
2.7479999999999993
2.9
2.959999999999999
2.944
2.92
2.467999999999998
3.1200000000000006
3.3960000000000004
2.6520000000000006
2.759999999999997
3.1400000000000006
2.9360000000000004
2.9399999999999977
2.2359999999999998
3.1639999999999993
2.844000000000002
2.6000000000000005
2.680000000000001
3.2559999999999985
2.691999999999999
2.6319999999999983
2.8680000000000008
3.491999999999998
3.107999999999998
2.3959999999999995
3.0839999999999987
3.1320000000000023
3.4320000000000004
2.9319999999999995
3.063999999999999
3.3759999999999994
3.0920000000000005
3.012
3.028
2.9560000000000004
2.9959999999999996
2.9679999999999995
3.200000000000001
2.399999999999999
2.6839999999999997
3.148
2.744
3.536
2.608
2.8240000000000003
2.543999999999999
2.755999999999999
3.0000000000000004
3.1519999999999975
3.428000000000003
3.508
2.804
3.395999999999999
2.664000000000001
3.027999999999998
3.372
3.144000000000004
2.987999999999999
2.8560000000000003
2.963999999999999
2.764
2.756
3.399999999999997
2.8440000000000016
2.587999999999999
2.899999999999999
3.1880000000000006
2.932
3.160000000000001
3.251999999999999
3.631999999999999
3.1679999999999984
2.616
2.7239999999999993
2.288
2.796
2.3719999999999986
2.324
2.5999999999999983
3.5639999999999987
2.2879999999999994
2.784
2.6720000000000006
2.992
2.7400000000000007
2.772000000000001
3.9160000000000004
3.4400000000000013
2.824
2.5519999999999983
2.395999999999999
2.7119999999999993
2.775999999999999
2.735999999999999
2.963999999999999
3.2280000000000006
3.0680000000000005
2.708
2.603999999999999
2.6120000000000005
2.987999999999998
2.428000000000001
2.927999999999999
2.519999999999998
2.648
3.5799999999999996
3.5200000000000022
2.6999999999999984
2.9480000000000017
2.859999999999999
3.2359999999999998
2.748
3.1519999999999997
2.3719999999999986
2.5119999999999987
2.776
2.8399999999999994
2.487999999999999
3.4200000000000017
3.2640000000000016
3.120000000000002
2.5800000000000005
3.2319999999999993
2.7680000000000007
2.8080000000000007
2.7880000000000007
3.431999999999998
2.8319999999999976
2.703999999999998
2.855999999999998
2.667999999999998
3.027999999999999
2.923999999999999
3.044000000000001
2.7279999999999984
2.516000000000001
2.951999999999998
2.615999999999999
2.5599999999999996
2.4759999999999995
3.3040000000000003
3.0239999999999982
2.7119999999999997
2.9480000000000017
2.287999999999998
2.5359999999999983
3.2960000000000025
2.8039999999999994
2.5759999999999996
3.276
3.3240000000000007
2.727999999999999
2.9559999999999995
3.5719999999999987
2.787999999999999
2.7039999999999997
2.9200000000000004
2.6359999999999983
2.8599999999999994
2.6880000000000006
2.9759999999999986
2.6599999999999984
2.707999999999999
2.615999999999998
3.0280000000000005
3.6320000000000023
3.0279999999999996
2.8079999999999985
2.5239999999999974
2.7960000000000003
2.739999999999999
3.0359999999999996
3.1160000000000014
2.9719999999999995
3.267999999999998
2.419999999999998
3.1320000000000006
2.5079999999999982
3.1080000000000023
2.7999999999999994
3.012
2.699999999999999
3.7880000000000034
2.5040000000000004
2.4120000000000004
3.2640000000000002
3.363999999999999
3.003999999999999
2.9359999999999995
3.144
2.7559999999999985
2.827999999999999
2.6760000000000006
2.4399999999999995
2.583999999999999
2.403999999999999
2.6439999999999997
3.6080000000000005
2.383999999999999
3.3320000000000025
3.8080000000000007
2.6719999999999997
2.847999999999999
2.603999999999998
2.8560000000000003
3.460000000000002
3.2319999999999993
2.8760000000000003
2.3879999999999986
2.2680000000000002
2.26
2.8760000000000003
2.8519999999999963
3.552
3.464000000000001
2.887999999999999
2.9159999999999986
2.84
3.3840000000000003
3.7439999999999998
2.9319999999999995
3.092
3.1999999999999993
2.299999999999999
3.2519999999999993
2.056
3.0840000000000005
3.395999999999998
2.1559999999999993
2.588
2.9519999999999995
2.836000000000004
2.987999999999999
2.511999999999999
2.832
3.319999999999997
2.732000000000001
3.4760000000000026
2.6679999999999997
3.036
4.088
2.851999999999998
2.955999999999997
2.5519999999999996
2.28
3.416000000000001
2.5879999999999996
2.4640000000000004
3.1279999999999997
2.383999999999999
2.648
3.1519999999999992
2.543999999999998
2.539999999999999
2.460000000000001
3.2520000000000016
2.895999999999998
2.9999999999999982
2.339999999999998
2.54
3.407999999999999
2.948
2.963999999999999
3.688000000000004
2.963999999999999
2.872000000000001
2.168
3.156
2.94
3.28
2.824
3.031999999999999
3.0839999999999987
2.4119999999999995
3.395999999999999
3.032
2.852
3.1079999999999997
3.2319999999999993
3.28
3.2639999999999985
2.5239999999999987
2.8519999999999976
3.0920000000000005
2.7279999999999998
3.312000000000002
3.016000000000001
3.267999999999999
2.955999999999999
2.2959999999999994
3.2839999999999985
4.0920000000000005
3.239999999999999
2.6799999999999993
2.7919999999999994
3.5039999999999987
2.568
2.979999999999998
2.912000000000001
2.2759999999999994
3.2519999999999993
2.532
2.8680000000000003
2.943999999999999
3.3440000000000016
2.511999999999999
3.06
3.016
2.975999999999999
2.5679999999999983
3.0039999999999987
3.5719999999999987
2.7
3.4999999999999996
2.327999999999999
2.343999999999999
2.292
3.316
3.3680000000000003
2.864
3.0200000000000005
3.1599999999999993
2.447999999999999
3.247999999999999
2.631999999999999
3.0840000000000014
2.8839999999999986
2.3280000000000003
2.971999999999998
3.3920000000000026
3.2239999999999998
2.9520000000000004
3.5079999999999982
2.6959999999999993
2.699999999999999
2.840000000000001
3.2720000000000042
2.7640000000000002
3.0120000000000005
2.684000000000002
2.4639999999999986
3.0079999999999996
3.192000000000002
2.848000000000001
3.3919999999999995
2.4800000000000004
3.623999999999999
2.839999999999998
2.36
2.948000000000001
2.7679999999999985
2.904
3.047999999999999
3.0640000000000005
2.6639999999999997
3.612
2.5599999999999996
2.7
2.9760000000000004
2.8439999999999985
2.575999999999999
2.612
3.0960000000000014
2.840000000000001
2.679999999999999
3.296000000000001
2.7479999999999984
2.603999999999999
3.4400000000000004
3.312000000000001
2.9120000000000004
4.028000000000002
2.6759999999999997
2.7360000000000007
2.3719999999999986
2.8400000000000007
2.8720000000000017
3.096000000000002
3.4600000000000013
2.727999999999999
2.740000000000001
2.4199999999999995
2.4479999999999986
3.232000000000003
2.9839999999999973
3.3440000000000016
3.540000000000002
2.439999999999998
2.6000000000000005
2.671999999999999
3.3320000000000016
2.8679999999999994
2.923999999999998
2.8160000000000007
3.3720000000000003
2.768000000000001
3.0639999999999987
2.347999999999999
3.0479999999999996
3.3840000000000017
3.7080000000000006
2.8959999999999995
2.735999999999998
2.5799999999999987
3.136000000000002
2.9279999999999995
2.687999999999999
3.3800000000000012
2.8239999999999985
2.5199999999999996
3.6839999999999997
2.559999999999999
3.508
3.147999999999999
2.4480000000000004
2.74
2.6399999999999992
3.3160000000000003
2.619999999999999
2.948
3.256000000000002
3.0159999999999987
3.007999999999999
2.6759999999999984
2.895999999999999
2.776
2.892
2.6080000000000005
2.3759999999999972
2.7479999999999984
3.0639999999999996
2.3639999999999985
2.8719999999999994
3.1960000000000006
2.0479999999999974
2.119999999999999
2.7800000000000007
2.6719999999999984
2.483999999999999
2.483999999999999
2.5999999999999996
2.8640000000000003
2.151999999999998
2.867999999999999
2.6319999999999992
2.539999999999999
3.004000000000001
2.9040000000000017
2.884000000000001
2.6439999999999992
2.6
2.843999999999998
2.4119999999999977
3.0320000000000005
2.455999999999999
2.468
3.36
3.2959999999999976
2.4640000000000004
2.38
3.0959999999999983
3.3680000000000017
2.6239999999999997
2.9479999999999995
2.8199999999999985
3.284000000000004
2.7919999999999994
2.7439999999999993
2.4399999999999986
2.5439999999999974
2.3719999999999986
3.5480000000000005
2.944
2.235999999999998
2.3919999999999986
2.840000000000002
2.7359999999999998
2.708000000000001
2.311999999999999
2.8240000000000007
2.28
3.004000000000001
2.768000000000001
2.671999999999999
2.423999999999999
2.6679999999999997
2.4959999999999978
2.7799999999999994
2.9
2.7120000000000015
2.967999999999998
3.031999999999999
3.572000000000001
2.9239999999999986
3.1439999999999992
2.863999999999998
3.0920000000000023
3.26
2.891999999999998
3.435999999999999
2.4999999999999982
3.532000000000002
3.228000000000001
2.5399999999999987
3.1880000000000006
2.923999999999999
3.1199999999999983
2.503999999999999
2.5639999999999983
2.724
2.463999999999998
2.7719999999999994
3.068
2.627999999999998
3.1959999999999997
2.8439999999999994
2.816
3.056
2.664000000000001
2.759999999999999
2.9799999999999973
2.803999999999998
2.259999999999999
2.6919999999999997
3.036000000000002
2.707999999999999
2.2680000000000002
2.623999999999998
3.0319999999999983
2.9199999999999977
3.123999999999999
3.1639999999999997
2.791999999999999
3.1520000000000015
3.792000000000003
2.807999999999999
3.3679999999999994
2.443999999999999
3.011999999999999
2.6839999999999997
2.791999999999999
2.4599999999999995
2.6919999999999984
3.264000000000001
2.7119999999999993
2.9560000000000013
2.356
2.7999999999999976
2.7639999999999993
2.784000000000002
3.14
2.7039999999999997
3.127999999999998
2.48
2.436
2.816
2.7880000000000003
2.7560000000000024
2.847999999999999
2.66
2.3319999999999994
2.639999999999999
2.5360000000000014
3.12
2.291999999999999
2.6119999999999988
2.712000000000001
2.7199999999999993
2.752
3.1439999999999997
2.688
2.896000000000002
2.4959999999999987
2.5719999999999983
2.031999999999999
2.7880000000000007
2.656
2.548
3.2960000000000007
3.2160000000000006
2.2679999999999985
2.9720000000000018
2.436
2.467999999999998
2.2039999999999993
2.8079999999999994
2.8039999999999994
3.163999999999999
2.704000000000001
2.6920000000000015
2.711999999999999
3.363999999999998
2.5239999999999996
2.8679999999999986
3.4360000000000013
2.704
3.164000000000001
2.919999999999998
2.1319999999999992
2.6399999999999992
3.0600000000000005
2.687999999999998
3.2560000000000007
2.784
2.563999999999999
3.1760000000000006
2.9320000000000017
3.1160000000000023
3.016
2.2919999999999985
2.635999999999998
3.4640000000000004
2.8640000000000003
2.787999999999999
3.3839999999999986
2.8759999999999994
3.2159999999999997
2.4559999999999995
2.9960000000000027
2.6319999999999992
2.8080000000000016
2.531999999999999
3.0720000000000005
2.9040000000000017
2.439999999999999
2.88
3.379999999999998
2.4759999999999995
3.3199999999999994
2.64
3.0239999999999996
2.844
3.2960000000000003
3.1839999999999997
2.7319999999999993
3.3519999999999994
2.8680000000000008
2.8680000000000008
2.78
2.444
2.479999999999999
2.9199999999999995
3.195999999999998
3.7880000000000034
2.3079999999999985
2.9040000000000004
2.8279999999999985
2.363999999999999
2.9320000000000026
3.1039999999999996
3.280000000000003
2.7479999999999993
2.7239999999999998
2.815999999999999
2.7599999999999976
3.231999999999999
2.1519999999999984
3.172000000000001
2.592
2.555999999999999
3.0719999999999987
2.8480000000000008
3.796
3.2399999999999993
3.432000000000001
2.847999999999999
3.076000000000001
2.891999999999998
2.764
2.3319999999999985
3.0519999999999987
3.096000000000001
3.159999999999998
3.120000000000001
2.559999999999999
2.819999999999999
3.320000000000002
2.799999999999999
3.1480000000000024
3.0039999999999973
3.164000000000003
3.251999999999998
3.3240000000000003
3.044000000000001
3.0679999999999996
3.5519999999999987
3.0719999999999987
3.0920000000000014
2.7600000000000007
2.9999999999999996
2.952000000000001
2.687999999999999
2.691999999999999
2.9520000000000004
3.027999999999999
3.0359999999999996
2.3919999999999995
2.952
3.2680000000000007
2.62
2.792
2.279999999999998
2.307999999999999
3.2480000000000024
3.1720000000000015
2.7239999999999993
2.9319999999999995
3.208000000000002
2.591999999999999
2.5119999999999996
3.248
3.260000000000001
2.1679999999999984
2.4799999999999986
3.295999999999998
3.076000000000002
2.4959999999999996
2.756
3.036000000000001
2.779999999999999
3.5320000000000027
3.2280000000000006
3.5239999999999996
3.12
3.02
2.4719999999999973
2.663999999999999
3.3640000000000003
2.9760000000000004
2.707999999999999
2.992000000000001
2.488
3.192000000000001
3.2800000000000034
2.883999999999998
2.5559999999999987
2.9559999999999977
3.3480000000000025
2.9280000000000013
2.8840000000000003
3.2840000000000007
3.044000000000001
2.9079999999999995
2.403999999999999
2.567999999999998
3.3120000000000003
2.872
3.5880000000000014
2.5160000000000005
3.612000000000001
2.5679999999999996
3.1559999999999997
2.9040000000000004
2.747999999999999
2.923999999999999
3.032000000000003
3.024000000000001
3.18
2.864
2.247999999999999
2.8359999999999985
2.732000000000001
2.6760000000000006
2.760000000000001
3.040000000000001
2.4240000000000004
2.959999999999998
3.140000000000001
2.384
2.7680000000000002
2.8840000000000003
3.424000000000001
2.4479999999999995
3.187999999999998
2.391999999999999
2.956000000000001
3.620000000000001
2.919999999999999
3.3
2.8559999999999985
3.8280000000000007
2.915999999999998
2.688
2.4879999999999995
2.376
2.923999999999999
2.9720000000000026
2.928000000000001
2.195999999999998
2.683999999999999
2.379999999999999
2.0839999999999987
2.940000000000002
2.7279999999999984
3.208
3.3279999999999994
3.2159999999999984
3.044000000000001
3.5399999999999987
2.752
2.767999999999997
2.243999999999999
3.3080000000000003
2.9800000000000004
2.4439999999999995
2.3399999999999985
2.7840000000000007
4.203999999999999
2.516
2.647999999999999
3.008000000000001
3.1720000000000015
3.087999999999999
2.760000000000001
2.5119999999999996
2.9519999999999995
2.944000000000001
2.7200000000000024
2.2399999999999984
2.131999999999997
3.1319999999999983
2.556
3.2239999999999998
2.86
3.0679999999999996
3.5120000000000005
3.387999999999999
2.8360000000000007
3.127999999999999
2.9559999999999986
3.5120000000000005
2.427999999999999
2.5559999999999987
3.228000000000001
2.267999999999999
3.16
2.351999999999999
3.976000000000001
2.5759999999999996
3.0000000000000018
2.4799999999999986
2.804
2.687999999999999
2.8520000000000003
2.9159999999999986
3.0600000000000005
2.76
3.0559999999999987
3.4440000000000004
2.1479999999999975
2.632000000000001
3.924000000000002
2.943999999999999
3.163999999999998
2.9960000000000004
3.6839999999999993
3.464000000000001
3.244000000000002
3.224000000000001
2.7919999999999994
3.4720000000000018
2.7880000000000003
3.3560000000000003
2.3720000000000003
2.5440000000000005
2.7960000000000007
3.0879999999999983
3.1399999999999983
2.7
3.2999999999999994
2.9520000000000004
3.464000000000001
2.5599999999999987
2.6999999999999993
2.7680000000000007
2.7760000000000016
2.8320000000000016
2.9960000000000004
2.899999999999998
2.2199999999999993
2.7199999999999984
3.176
3.3680000000000003
3.5160000000000013
2.3279999999999994
3.111999999999999
3.2159999999999997
2.819999999999999
3.012
3.083999999999998
2.6239999999999988
2.8679999999999977
3.656000000000002
2.5080000000000005
2.964
3.171999999999999
2.8519999999999994
2.796000000000001
2.615999999999999
2.3960000000000004
3.5039999999999996
3.2679999999999993
2.691999999999999
2.831999999999999
2.976000000000001
2.9479999999999986
3.3600000000000008
3.0239999999999987
3.1839999999999997
2.3879999999999977
2.7359999999999998
2.84
3.048
2.8040000000000003
2.6879999999999984
2.6120000000000005
2.459999999999998
3.295999999999998
2.5999999999999996
3.136
3.087999999999999
2.896000000000001
2.8879999999999995
2.6279999999999974
3.084000000000001
2.9440000000000026
3.167999999999998
2.6999999999999993
2.5679999999999983
3.564000000000002
2.919999999999999
3.084000000000001
2.6279999999999997
3.419999999999999
2.8239999999999985
3.383999999999999
2.8919999999999995
2.536
2.76
2.891999999999998
3.5840000000000014
2.855999999999998
2.7239999999999998
2.6519999999999992
2.867999999999999
2.7639999999999993
3.5040000000000013
3.0599999999999983
3.384
2.959999999999998
2.5799999999999996
3.5120000000000005
2.943999999999998
2.483999999999999
3.1760000000000006
3.136000000000001
2.8639999999999985
2.975999999999999
3.335999999999999
3.063999999999999
3.315999999999998
2.2999999999999985
2.487999999999999
2.7560000000000002
2.6879999999999997
3.0039999999999996
3.5599999999999983
3.1560000000000006
2.6239999999999988
2.8239999999999967
2.948000000000001
3.5280000000000005
2.775999999999999
2.891999999999998
3.356
3.388000000000001
2.2599999999999976
2.2839999999999976
2.3839999999999986
2.6879999999999984
2.443999999999998
3.28
2.7720000000000016
3.0720000000000014
2.828000000000001
2.572
2.279999999999999
2.3919999999999995
3.0240000000000005
3.0479999999999996
3.184000000000001
2.7160000000000006
3.144000000000002
3.452
3.04
2.7879999999999985
2.4519999999999986
2.5759999999999996
3.1279999999999997
2.0919999999999996
3.1639999999999993
2.78
2.764000000000001
3.0039999999999996
3.1679999999999984
3.032
2.6639999999999997
3.0679999999999983
2.411999999999999
2.6119999999999988
2.6479999999999997
3.2519999999999993
3.3080000000000007
2.631999999999999
3.1440000000000015
2.992
2.9039999999999977
3.667999999999999
2.3359999999999994
3.1399999999999992
2.6039999999999996
2.487999999999999
3.1319999999999992
3.1799999999999984
3.0840000000000014
2.9039999999999964
3.1800000000000006
2.687999999999999
2.9279999999999986
2.6879999999999997
2.9879999999999978
3.856
2.812
2.8319999999999994
2.5959999999999983
2.7199999999999993
2.5799999999999987
2.8040000000000007
2.352
3.139999999999998
3.2640000000000025
2.2919999999999985
3.2
2.8879999999999995
3.0560000000000027
2.7680000000000007
2.5559999999999996
2.6439999999999992
2.5359999999999983
3.047999999999999
3.0879999999999996
2.9960000000000004
3.3639999999999968
3.1639999999999993
3.0920000000000005
2.6079999999999988
2.7600000000000007
2.6559999999999984
2.4
2.831999999999999
2.9079999999999995
2.583999999999998
3.192000000000001
2.879999999999999
3.0760000000000036
2.5800000000000005
2.1079999999999997
3.6800000000000024
3.3719999999999994
2.6280000000000014
3.055999999999997
2.872
3.395999999999999
2.904000000000001
2.916000000000001
2.459999999999999
2.295999999999999
3.0079999999999973
2.831999999999999
3.264
2.8959999999999986
3.136
3.2599999999999985
2.448000000000001
2.495999999999999
2.648
2.795999999999999
2.7560000000000007
3.1480000000000015
3.292000000000001
3.1519999999999984
2.7400000000000007
3.211999999999999
2.5240000000000005
2.5799999999999983
3.8
2.9679999999999995
3.160000000000001
3.4880000000000013
3.1639999999999997
3.139999999999999
2.9999999999999987
3.175999999999998
2.5999999999999996
2.5559999999999987
2.9759999999999995
3.0279999999999982
2.784
3.339999999999999
3.104000000000001
2.475999999999999
2.364
2.915999999999998
2.7439999999999984
2.963999999999999
2.9279999999999977
2.648
2.9999999999999987
3.092
3.4560000000000004
2.6839999999999997
2.6919999999999997
3.179999999999999
3.3079999999999994
2.987999999999998
2.703999999999999
2.283999999999998
3.4080000000000026
3.0480000000000005
2.347999999999998
3.236
2.500000000000001
2.8520000000000003
3.7040000000000015
3.08
2.764
3.0439999999999996
2.66
3.1439999999999992
2.2519999999999993
3.195999999999998
2.551999999999999
3.639999999999999
3.723999999999998
2.527999999999999
3.4080000000000013
2.7600000000000007
3.055999999999998
3.3120000000000003
2.8440000000000007
3.900000000000002
3.3040000000000007
3.1439999999999992
2.3320000000000003
2.8760000000000003
2.612
2.5880000000000005
2.6479999999999984
2.939999999999999
3.0119999999999982
3.0159999999999996
2.82
2.2759999999999985
3.32
2.8840000000000003
2.96
3.0960000000000014
3.2160000000000006
2.72
2.7640000000000002
2.8400000000000007
2.9640000000000004
2.904
3.347999999999999
2.9520000000000004
2.3320000000000003
2.7839999999999994
2.5479999999999983
2.688
3.252000000000001
3.0679999999999996
2.6039999999999988
2.764000000000001
3.4479999999999986
2.995999999999999
3.1239999999999988
2.6920000000000006
3.372000000000001
3.071999999999999
3.144
2.615999999999999
3.9440000000000013
2.1399999999999997
3.576000000000001
2.7719999999999994
3.048
2.1719999999999984
3.3600000000000008
3.320000000000001
2.1439999999999992
2.3839999999999986
2.5319999999999987
3.2359999999999975
3.0479999999999983
2.832000000000001
3.3360000000000007
2.6399999999999992
3.444000000000001
2.831999999999998
2.8679999999999994
3.0920000000000005
3.267999999999999
2.4119999999999986
3.2400000000000015
2.831999999999999
3.1919999999999993
3.04
3.092
2.7560000000000007
3.2279999999999984
3.0640000000000005
3.5599999999999983
2.8360000000000003
2.8999999999999995
3.0599999999999987
2.8080000000000003
3.3880000000000026
3.1439999999999992
2.8359999999999985
2.8519999999999994
2.9919999999999978
2.8439999999999994
2.988
2.7239999999999984
2.7760000000000002
2.988000000000001
2.795999999999999
3.184000000000002
2.7119999999999997
3.371999999999998
3.2960000000000003
2.9640000000000004
2.804
2.5400000000000005
4.168000000000001
3.1920000000000015
3.2479999999999993
3.023999999999999
2.6719999999999984
2.3559999999999994
3.9200000000000004
2.7399999999999993
2.855999999999997
2.143999999999999
3.067999999999999
2.5159999999999996
2.7840000000000003
2.956000000000001
3.795999999999999
3.6999999999999993
3.1559999999999997
3.0399999999999987
2.5079999999999973
3.136000000000001
3.3960000000000012
2.6359999999999997
2.964000000000003
2.6319999999999983
2.8679999999999986
2.7679999999999985
2.4039999999999986
2.68
2.4719999999999986
3.491999999999999
2.379999999999999
2.5239999999999996
2.9119999999999995
3.419999999999999
2.795999999999999
2.808000000000001
3.0560000000000014
2.836
2.7399999999999984
3.036
3.163999999999999
2.8160000000000025
3.075999999999999
3.116
3.243999999999998
2.768000000000001
4.0920000000000005
3.5999999999999996
2.3719999999999994
3.7880000000000034
2.6999999999999993
2.856
3.384
3.3199999999999976
3.260000000000001
3.1919999999999993
3.376000000000001
3.1559999999999993
2.7760000000000002
3.140000000000002
2.359999999999999
2.9119999999999986
3.2560000000000002
3.112000000000001
3.0120000000000005
2.8560000000000008
2.4719999999999986
2.9759999999999986
3.2760000000000007
2.795999999999998
2.443999999999999
2.747999999999999
2.6279999999999997
2.4159999999999986
3.219999999999999
2.816
3.252000000000002
3.2120000000000015
3.156000000000002
2.711999999999999
2.415999999999999
3.3920000000000017
2.951999999999998
2.7199999999999993
2.888
3.383999999999999
2.4399999999999986
2.7959999999999967
3.016
3.0559999999999996
2.503999999999999
3.071999999999999
3.196
3.0239999999999987
3.0480000000000014
2.579999999999998
3.3920000000000003
2.7279999999999998
2.9399999999999995
2.7319999999999993
2.259999999999999
2.472
3.1159999999999997
3.384000000000002
2.3760000000000003
2.3879999999999977
2.395999999999998
3.3480000000000003
2.303999999999999
2.408000000000001
3.2440000000000015
2.924
3.3120000000000003
2.8079999999999985
2.5719999999999987
3.5479999999999996
3.1959999999999984
2.768000000000002
3.152000000000001
2.884000000000001
2.595999999999999
2.7999999999999985
2.816
3.1840000000000015
3.144
2.616
2.703999999999998
2.5319999999999983
3.0360000000000014
3.112000000000001
2.5799999999999996
2.815999999999999
2.919999999999999
3.619999999999999
3.14
2.947999999999999
2.844
2.979999999999998
2.1959999999999993
2.623999999999998
2.659999999999998
3.3080000000000007
2.8600000000000008
2.647999999999999
3.368000000000001
2.2639999999999993
2.82
2.6359999999999992
2.243999999999998
2.8079999999999994
2.7599999999999993
3.071999999999999
3.520000000000002
3.235999999999998
2.4039999999999995
2.6479999999999984
2.5399999999999987
2.547999999999999
2.332
3.4160000000000004
2.7479999999999984
2.3080000000000003
2.36
2.68
2.8520000000000003
3.239999999999997
3.3640000000000017
3.1040000000000014
2.911999999999998
2.947999999999999
2.4599999999999995
2.8360000000000003
2.487999999999999
2.928000000000001
3.236
2.4679999999999986
3.272000000000002
2.4559999999999995
2.7280000000000006
3.3960000000000004
2.4679999999999986
2.8680000000000008
3.0799999999999983
2.547999999999999
3.248000000000003
2.9680000000000017
3.0559999999999996
3.091999999999999
2.6159999999999983
3.664
2.543999999999999
3.063999999999999
3.3239999999999985
2.8759999999999986
2.9240000000000013
3.12
2.711999999999999
2.951999999999998
2.511999999999998
2.3799999999999986
3.0359999999999974
3.2400000000000007
2.66
3.1639999999999993
2.896000000000001
2.4519999999999986
2.7599999999999985
2.675999999999998
2.4999999999999987
3.472
3.272000000000001
3.0639999999999996
2.8880000000000012
3.275999999999999
2.5999999999999988
2.98
2.28
2.871999999999998
3.356000000000001
2.9880000000000018
3.1559999999999993
3.52
2.8799999999999994
2.6479999999999984
2.535999999999998
3.2600000000000025
2.572
2.6999999999999984
3.0280000000000014
2.860000000000001
2.536000000000001
3.236
2.928
2.8679999999999994
3.388
2.3159999999999985
3.2200000000000006
3.507999999999999
2.5559999999999987
3.2800000000000025
2.243999999999999
3.32
3.280000000000001
2.8359999999999985
3.1279999999999997
2.7599999999999976
3.012
3.3440000000000003
2.9119999999999995
3.3360000000000007
2.7439999999999993
3.5680000000000036
2.8839999999999986
3.0359999999999996
3.2880000000000007
2.6039999999999988
3.1759999999999993
3.040000000000001
2.6079999999999997
2.6480000000000006
2.7079999999999997
2.611999999999999
2.383999999999999
2.7880000000000007
2.991999999999998
3.2160000000000015
2.899999999999999
2.7320000000000007
2.231999999999999
2.4039999999999986
3.904000000000003
2.9159999999999986
2.2199999999999998
2.9160000000000004
2.7999999999999985
2.1319999999999997
2.711999999999999
2.519999999999999
2.775999999999998
3.22
3.4000000000000017
2.5439999999999987
2.6399999999999992
3.032
2.4079999999999995
3.4480000000000013
2.7960000000000003
2.6040000000000005
2.6999999999999984
3.0599999999999965
3.3360000000000003
2.855999999999998
2.555999999999999
3.1999999999999993
2.8279999999999985
2.68
2.811999999999998
2.716
3.432
2.6039999999999996
3.4559999999999995
2.6759999999999984
3.2319999999999998
3.2199999999999993
3.928000000000001
3.0479999999999996
3.7599999999999985
3.464
3.0039999999999987
2.5720000000000014
2.6719999999999993
2.5600000000000005
2.875999999999999
2.9960000000000004
2.859999999999999
2.684000000000001
2.5199999999999974
2.0680000000000005
2.5039999999999996
2.988
3.0079999999999996
2.3079999999999985
3.1359999999999997
3.0840000000000005
2.548
3.0040000000000004
3.0199999999999982
2.943999999999999
2.888
3.0039999999999996
3.255999999999999
3.344
3.2639999999999993
2.304
2.683999999999999
3.1479999999999997
2.5639999999999983
3.408
2.2399999999999998
2.8199999999999976
3.5920000000000014
2.383999999999999
2.6039999999999996
2.0999999999999996
2.239999999999999
2.756
3.5640000000000014
2.3599999999999994
2.5680000000000005
2.523999999999999
3.188
3.2999999999999976
3.024000000000001
2.863999999999999
3.511999999999997
2.6479999999999997
2.551999999999999
2.572
3.1479999999999975
3.3360000000000007
3.5039999999999982
2.5879999999999996
2.8080000000000003
2.5919999999999983
2.7720000000000002
3.0399999999999996
3.3239999999999985
2.5559999999999987
3.491999999999997
2.7719999999999994
3.3679999999999977
3.3280000000000016
3.1080000000000005
3.3240000000000007
2.8679999999999994
3.3040000000000016
3.211999999999999
2.7039999999999997
3.224
3.0520000000000014
2.1079999999999983
3.0440000000000005
2.711999999999998
3.7200000000000015
3.0839999999999996
2.963999999999999
2.707999999999999
3.0120000000000005
3.095999999999999
3.203999999999998
2.3279999999999994
2.911999999999998
2.844
2.4319999999999995
2.568
3.04
2.8079999999999994
3.0480000000000014
3.0000000000000013
2.3679999999999977
2.827999999999999
2.4279999999999977
3.06
2.7800000000000016
3.011999999999999
2.8279999999999976
3.428
3.1519999999999997
2.839999999999999
2.2679999999999976
2.6040000000000005
2.8839999999999986
2.208
2.775999999999999
3.348000000000001
2.7439999999999993
2.3879999999999995
2.7839999999999994
2.1200000000000006
3.0399999999999996
2.7840000000000003
2.3719999999999994
2.7760000000000002
3.055999999999999
2.764000000000001
3.2879999999999985
2.1879999999999993
2.4600000000000004
2.3999999999999995
2.9719999999999986
2.92
2.66
2.591999999999999
2.392
2.6239999999999997
3.1920000000000015
2.419999999999999
3.083999999999999
2.9119999999999995
2.4879999999999987
2.7159999999999997
2.343999999999999
3.1639999999999997
2.8640000000000008
3.4279999999999995
2.2839999999999994
2.5519999999999996
2.575999999999999
2.7719999999999994
3.200000000000001
2.8079999999999994
2.891999999999998
2.5400000000000005
2.5240000000000005
2.9920000000000018
2.931999999999997
2.899999999999999
2.8199999999999976
3.0759999999999987
3.336
2.704
3.0919999999999983
2.7320000000000007
2.7960000000000003
3.919999999999999
3.9960000000000004
3.6240000000000006
3.048
3.4680000000000017
2.147999999999999
2.9079999999999986
3.2679999999999993
2.547999999999999
2.8119999999999994
2.4640000000000004
2.6839999999999993
3.092
2.8719999999999986
2.587999999999999
3.0199999999999996
3.055999999999999
2.3280000000000003
2.7599999999999993
3.1319999999999992
3.540000000000001
2.3639999999999985
3.3319999999999976
2.487999999999999
3.4560000000000017
2.4640000000000004
2.2720000000000002
2.6279999999999983
3.695999999999998
2.7079999999999997
2.7560000000000002
2.4359999999999995
2.839999999999999
2.972000000000002
2.4999999999999987
2.7920000000000016
2.708000000000001
3.063999999999999
2.4599999999999986
3.2159999999999997
2.131999999999998
2.395999999999999
2.3719999999999994
2.7159999999999993
2.6679999999999997
2.9479999999999995
2.779999999999997
2.588
3.6000000000000023
3.455999999999999
2.9480000000000013
3.3079999999999963
3.583999999999999
2.8919999999999995
2.439999999999998
2.8080000000000003
3.207999999999998
2.668000000000001
3.372000000000002
3.1439999999999992
2.5999999999999988
2.4719999999999995
2.5959999999999996
3.1359999999999992
3.9
3.428000000000003
3.0639999999999987
3.591999999999999
3.036
2.5919999999999987
2.9640000000000013
3.2639999999999985
2.8959999999999972
2.216
2.8679999999999994
3.1719999999999993
2.536
2.9879999999999995
2.967999999999999
2.4879999999999987
2.983999999999998
2.679999999999999
3.4240000000000013
2.527999999999999
2.4719999999999995
3.0439999999999996
2.6319999999999997
2.6719999999999984
3.1160000000000014
3.1719999999999984
2.4079999999999995
3.0240000000000022
2.8319999999999994
3.079999999999997
2.619999999999999
2.944
2.8920000000000003
2.371999999999999
3.4519999999999977
2.4079999999999986
2.443999999999999
3.083999999999999
2.643999999999999
3.188000000000002
3.4519999999999995
3.148
3.2399999999999993
2.876000000000001
3.2119999999999993
2.7360000000000015
2.735999999999999
2.9800000000000013
3.067999999999999
3.3080000000000007
2.3039999999999976
2.763999999999998
2.7680000000000002
2.3799999999999994
2.8759999999999994
2.623999999999998
2.7120000000000006
2.227999999999998
2.8799999999999994
3.1399999999999992
2.272
3.0079999999999996
3.652000000000003
3.6519999999999992
3.8960000000000004
2.895999999999998
2.8959999999999986
2.615999999999998
2.4160000000000004
2.923999999999999
3.1319999999999983
3.127999999999999
3.52
3.0720000000000023
3.0279999999999982
2.991999999999998
2.675999999999998
3.2720000000000002
3.4080000000000013
2.4120000000000004
2.944000000000001
3.0359999999999996
3.3559999999999985
3.0000000000000004
2.4679999999999995
3.491999999999999
2.1439999999999992
2.755999999999998
2.9960000000000004
2.5319999999999987
3.424
3.047999999999999
2.832
2.519999999999998
2.5799999999999996
2.867999999999999
3.2759999999999985
2.2600000000000002
3.016000000000001
4.124000000000002
2.9879999999999995
2.9160000000000013
3.372
2.66
3.5159999999999987
3.1279999999999983
2.6639999999999997
3.3039999999999985
3.0599999999999983
3.464000000000001
3.4080000000000013
3.052000000000001
3.1439999999999992
3.0480000000000005
2.6639999999999993
3.3320000000000016
3.551999999999999
2.716
2.035999999999999
2.98
3.1279999999999983
2.6399999999999992
2.719999999999999
3.44
2.764000000000001
3.3480000000000008
2.5919999999999987
3.2120000000000015
3.4719999999999978
2.908000000000001
2.8919999999999995
3.5720000000000005
3.3479999999999994
2.3719999999999994
2.952
2.615999999999998
3.252000000000003
2.183999999999999
2.9919999999999987
3.072
2.6239999999999997
3.347999999999999
2.9040000000000004
2.5999999999999996
2.375999999999999
3.115999999999999
2.4959999999999987
2.6519999999999997
3.2239999999999984
3.199999999999999
3.1679999999999997
2.447999999999998
2.899999999999999
3.4999999999999987
2.5519999999999987
2.7479999999999993
1.9559999999999993
4.164
2.808000000000001
2.839999999999999
3.1840000000000015
3.4440000000000004
3.1319999999999997
2.131999999999999
2.9880000000000013
2.9840000000000004
3.180000000000001
2.836000000000002
2.643999999999998
3.5039999999999987
2.343999999999999
2.2000000000000006
2.5839999999999996
3.467999999999999
3.2880000000000007
3.387999999999997
2.7199999999999984
2.976000000000001
2.8599999999999994
3.0240000000000005
2.7840000000000007
2.5719999999999987
3.1919999999999993
3.6800000000000006
2.5839999999999996
2.855999999999999
2.5719999999999965
2.815999999999999
3.4599999999999995
2.7120000000000006
3.332
3.0040000000000013
2.903999999999999
2.5839999999999987
2.1559999999999993
2.988000000000001
3.167999999999999
2.94
3.0679999999999996
2.920000000000002
3.0679999999999996
2.855999999999999
3.4959999999999978
3.2840000000000003
3.1959999999999993
2.1719999999999997
3.012000000000001
2.6879999999999997
3.4040000000000004
2.959999999999998
2.5599999999999983
3.168000000000002
2.1240000000000006
3.768000000000001
2.7919999999999994
4.379999999999999
2.5279999999999987
3.2879999999999994
3.0239999999999987
3.4199999999999977
3.5479999999999996
