1.9899999999999993
1.7939999999999992
1.7940000000000003
1.2919999999999998
1.3319999999999999
1.6959999999999993
1.7660000000000005
1.6519999999999992
1.5439999999999996
1.9479999999999995
1.719999999999999
1.5079999999999998
1.3939999999999997
1.4480000000000002
1.7579999999999987
1.5239999999999996
1.6579999999999995
1.3539999999999999
1.1599999999999993
1.3819999999999992
1.4400000000000008
1.6960000000000008
1.2239999999999998
1.2539999999999998
1.1240000000000006
1.3719999999999999
1.2819999999999996
1.1780000000000002
0.96
1.08
1.0180000000000002
1.1100000000000003
1.3619999999999992
1.2599999999999998
1.0199999999999998
0.9000000000000005
1.0939999999999999
1.0299999999999998
0.9119999999999996
1.15
1.2099999999999993
1.1039999999999999
0.8519999999999996
1.1099999999999997
0.9960000000000007
1.1980000000000002
0.8560000000000001
0.9999999999999997
0.9819999999999999
1.2799999999999998
1.0240000000000002
1.3079999999999996
1.0839999999999999
1.2779999999999998
1.1460000000000001
0.8360000000000001
1.022
1.1740000000000002
0.9260000000000003
1.1739999999999997
1.2699999999999998
1.224
0.9540000000000001
0.8979999999999996
1.112
0.9059999999999998
1.0599999999999996
1.2740000000000002
1.2180000000000002
1.1859999999999997
1.2199999999999998
1.1659999999999997
1.042
0.9700000000000004
1.1320000000000006
0.9440000000000002
0.9839999999999998
0.8660000000000003
0.9860000000000003
0.9800000000000005
0.8160000000000001
1.2960000000000003
0.8780000000000004
1.002
1.3619999999999999
1.1199999999999994
1.0560000000000005
1.08
1.1900000000000004
1.0119999999999996
0.8499999999999998
0.9720000000000004
1.0640000000000005
1.158
1.1359999999999995
1.1259999999999997
0.9520000000000006
0.9859999999999998
0.7879999999999998
0.9439999999999997
1.2260000000000002
0.8720000000000006
1.2579999999999996
1.1320000000000001
0.8480000000000001
0.9180000000000001
1.0160000000000007
0.936
1.0399999999999998
1.1099999999999999
1.092
0.9739999999999995
1.3480000000000003
1.098
0.8739999999999999
0.8480000000000005
1.104
1.0440000000000005
1.2380000000000004
1.4100000000000004
1.0159999999999993
0.8559999999999998
0.7999999999999997
1.0480000000000003
1.1819999999999995
0.8659999999999998
0.9040000000000004
0.7739999999999998
1.108
0.9780000000000005
0.8959999999999999
0.9599999999999999
0.728
0.9640000000000002
0.9479999999999991
1.3119999999999994
0.9399999999999998
0.9439999999999997
1.146
1.3040000000000003
1.1939999999999997
1.2940000000000003
0.9520000000000001
0.9999999999999997
1.082
1.1559999999999993
0.9640000000000005
0.6800000000000004
0.9719999999999999
0.9499999999999997
0.924
1.138
1.2139999999999995
1.1600000000000004
1.1219999999999997
0.8200000000000004
1.0499999999999994
0.9619999999999999
0.9399999999999998
1.0299999999999998
1.132
1.0360000000000005
1.2220000000000004
0.7960000000000005
0.9280000000000004
1.0559999999999987
0.9220000000000002
0.7959999999999995
1.1239999999999997
1.076
0.9339999999999995
1.258
0.9959999999999993
0.9439999999999994
0.9279999999999995
1.2239999999999995
1.2159999999999993
0.9700000000000008
0.9259999999999999
1.2239999999999993
1.1540000000000001
0.704
1.0479999999999996
1.2060000000000002
0.9039999999999999
1.2280000000000002
1.072
1.218
1.0580000000000003
1.0099999999999998
1.1919999999999993
0.9740000000000001
0.9300000000000002
1.1600000000000004
0.9120000000000005
1.2179999999999997
0.8640000000000004
1.0119999999999998
1.344
1.3160000000000003
1.2419999999999995
0.8779999999999996
1.0819999999999996
0.96
1.2260000000000004
1.1419999999999992
0.8339999999999997
1.11
1.0060000000000007
1.1220000000000003
0.8299999999999994
1.0539999999999998
0.814
1.2800000000000002
1.3079999999999996
1.146
0.8520000000000004
1.036
1.1739999999999995
0.9299999999999996
1.0119999999999993
1.1760000000000002
1.2200000000000002
1.0799999999999996
0.9700000000000005
1.1880000000000002
1.126
1.1440000000000006
1.1739999999999993
1.1019999999999996
1.156
1.3020000000000003
0.9720000000000004
1.0899999999999996
1.2399999999999995
1.0819999999999994
1.2199999999999998
1.0359999999999998
1.1379999999999997
1.1900000000000004
0.9759999999999996
1.1019999999999994
1.0539999999999994
1.1620000000000004
0.9660000000000005
1.0400000000000003
1.0919999999999996
1.1019999999999996
1.152
1.162
0.742
1.1439999999999992
1.19
0.8360000000000004
0.9900000000000004
0.8099999999999998
1.0599999999999998
1.192
0.8439999999999996
0.9319999999999997
1.092
1.0620000000000003
1.0920000000000005
1.2179999999999997
1.1800000000000002
1.0120000000000002
1.5399999999999998
1.126
1.0339999999999996
1.1219999999999994
1.0819999999999999
0.9860000000000002
0.9540000000000002
1.0859999999999994
1.0079999999999998
0.9220000000000005
0.8760000000000002
1.0299999999999998
1.2719999999999998
0.9859999999999998
1.3119999999999994
0.9099999999999997
1.1720000000000004
1.0619999999999998
0.9860000000000001
1.0199999999999998
1.1159999999999999
1.132
1.0459999999999992
1.102
0.9379999999999993
0.866
0.7580000000000001
1.1460000000000001
1.308
0.8780000000000001
0.9979999999999994
0.9719999999999992
1.2599999999999998
1.3499999999999992
1.1159999999999994
0.9300000000000003
1.0620000000000005
1.1379999999999997
1.32
1.048
0.8740000000000002
1.188
1.0360000000000005
1.0359999999999998
0.8099999999999998
0.9099999999999996
0.916
0.9039999999999995
1.0660000000000007
1.5939999999999999
1.18
1.2320000000000002
0.934
1.15
1.1699999999999997
1.427999999999999
0.8859999999999998
1.1199999999999999
1.2080000000000002
1.2779999999999996
0.9519999999999993
1.0859999999999999
1.1680000000000006
0.9459999999999996
0.946
1.126
1.0179999999999998
1.2300000000000004
1.162
1.2639999999999998
1.0800000000000007
1.038
1.1920000000000008
0.9879999999999995
1.1179999999999999
0.8220000000000003
1.5480000000000007
1.144
1.1679999999999997
0.9760000000000005
1.0799999999999992
1.1300000000000006
1.2699999999999996
0.9559999999999995
1.334000000000001
1.1779999999999995
1.0259999999999996
0.9540000000000001
1.0539999999999996
1.0439999999999994
0.9099999999999998
1.056
1.0120000000000002
0.8839999999999998
0.9040000000000004
1.3039999999999992
1.2320000000000007
0.8600000000000004
1.0720000000000005
1.1780000000000002
0.9540000000000002
1.0140000000000002
0.9859999999999997
1.0539999999999998
1.1300000000000001
0.8819999999999999
1.0979999999999999
1.0140000000000007
1.188
1.1059999999999999
1.0759999999999996
1.0619999999999998
1.1139999999999999
1.0039999999999998
1.0479999999999998
1.0799999999999996
1.1940000000000006
1.0939999999999994
1.418
1.172
1.1380000000000008
0.9719999999999996
1.146
1.1759999999999997
1.0719999999999998
0.8760000000000003
0.9960000000000006
1.036
1.1239999999999997
0.9899999999999999
1.0839999999999999
1.1300000000000001
1.1299999999999994
0.8220000000000002
1.0939999999999994
1.0799999999999998
0.9480000000000001
1.0340000000000003
0.9600000000000002
0.9300000000000002
0.996
0.9700000000000004
0.8240000000000002
1.1480000000000001
1.0999999999999996
1.1019999999999994
1.028
0.8459999999999996
1.0479999999999998
1.0679999999999998
1.4680000000000002
0.8679999999999999
1.1040000000000003
1.0679999999999996
1.0680000000000005
1.0340000000000003
1.0179999999999996
1.0339999999999991
1.2919999999999996
0.8939999999999998
1.3119999999999998
1.1440000000000003
1.2040000000000006
0.9560000000000005
0.929999999999999
0.8740000000000003
0.9579999999999994
1.222
0.972
1.1259999999999997
1.1759999999999997
1.0079999999999998
0.9960000000000003
1.0079999999999993
1.0179999999999998
1.168000000000001
1.096
1.1719999999999995
0.6920000000000002
1.3780000000000001
1.0799999999999996
1.0120000000000002
1.2019999999999995
0.9859999999999993
0.9540000000000002
1.1100000000000008
0.892
0.9900000000000001
0.9260000000000006
1.2879999999999998
1.046
1.1740000000000004
1.2900000000000005
1.1999999999999993
0.8719999999999996
1.1700000000000006
1.0459999999999998
1.0619999999999998
1.2739999999999998
1.0859999999999999
1.0720000000000005
0.9439999999999997
0.9079999999999994
1.3219999999999996
0.8679999999999992
1.0759999999999996
0.9299999999999998
1.2240000000000002
0.7340000000000002
0.9019999999999996
0.8980000000000007
1.02
0.9019999999999994
1.0480000000000003
1.052000000000001
1.1540000000000001
0.8019999999999999
1.0380000000000003
1.0800000000000007
0.9140000000000001
0.8679999999999997
1.3080000000000007
1.0699999999999996
0.8499999999999992
1.0260000000000007
0.888
1.236
1.15
0.8820000000000003
0.9120000000000007
1.0799999999999998
1.0900000000000005
1.1520000000000001
1.1139999999999999
1.1480000000000004
1.1860000000000002
1.3559999999999999
1.2100000000000004
1.086
0.9660000000000001
1.07
1.188
0.8319999999999997
1.0560000000000003
1.12
0.9659999999999997
1.0640000000000003
0.8499999999999999
0.7859999999999999
1.1560000000000001
1.294
1.2000000000000002
0.8659999999999993
1.0019999999999996
1.2020000000000002
0.9460000000000006
0.9359999999999998
1.2360000000000004
1.1259999999999994
0.9799999999999998
0.988
0.8919999999999999
0.959999999999999
0.7800000000000001
1.0540000000000007
0.7959999999999997
1.1440000000000001
1.2079999999999997
1.0119999999999998
0.9480000000000003
0.8080000000000004
0.8899999999999997
0.9459999999999991
0.9220000000000005
1.2379999999999995
1.392
1.0040000000000002
0.8179999999999987
1.0379999999999996
1.1119999999999997
0.9800000000000001
1.018
0.9780000000000005
1.0779999999999996
1.0679999999999996
1.0739999999999994
1.3679999999999999
0.9019999999999999
1.0620000000000005
1.2199999999999995
1.300000000000001
1.0680000000000005
1.1099999999999992
1.0000000000000002
1.0800000000000005
0.9239999999999994
1.1520000000000001
1.038
0.9260000000000003
1.0880000000000003
1.0099999999999998
1.48
1.1720000000000004
1.3180000000000007
1.0120000000000002
1.2039999999999997
0.9759999999999995
1.1
0.8880000000000003
1.0619999999999998
1.0199999999999991
1.3359999999999992
1.4339999999999995
1.0239999999999994
1.104
1.0599999999999996
1.3159999999999998
1.213999999999999
1.2919999999999996
1.0
1.5220000000000002
1.0660000000000003
1.134
1.2199999999999995
1.1359999999999988
1.1760000000000002
1.2559999999999996
0.9379999999999997
1.4559999999999993
1.162
1.2059999999999997
0.8240000000000003
1.0280000000000005
1.0780000000000003
1.0539999999999992
1.1039999999999999
1.1759999999999993
1.1139999999999997
1.2260000000000004
1.1759999999999997
1.4880000000000002
1.0440000000000003
1.3740000000000006
1.1600000000000004
1.464
1.2939999999999992
1.0959999999999999
1.0979999999999992
1.204
1.2219999999999993
1.1019999999999994
1.2859999999999996
1.0299999999999998
1.1459999999999995
1.12
1.131999999999999
1.0240000000000002
1.2919999999999998
1.0120000000000002
1.367999999999999
1.1859999999999997
1.0499999999999998
0.9379999999999998
1.1820000000000006
0.902000000000001
1.2359999999999993
1.2280000000000009
0.9920000000000004
1.471999999999999
1.1960000000000002
1.45
1.3199999999999996
0.866
1.017999999999999
1.12
1.1719999999999995
0.9540000000000001
1.7319999999999987
1.3779999999999994
1.2660000000000002
1.0339999999999998
1.2619999999999993
1.45
1.5140000000000002
1.236
0.934
1.4160000000000001
1.0959999999999994
1.41
1.3060000000000003
0.9819999999999997
1.5279999999999994
0.9399999999999997
1.137999999999999
1.583999999999999
1.2960000000000003
1.8419999999999987
1.4219999999999997
1.2579999999999998
1.2919999999999998
1.4079999999999993
1.6039999999999983
1.3619999999999997
0.8719999999999998
1.2639999999999996
1.4259999999999993
1.489999999999999
1.5100000000000007
1.5459999999999994
1.4339999999999997
1.4400000000000004
1.786
1.5739999999999992
1.8039999999999992
1.1480000000000004
1.2659999999999996
1.63
1.5199999999999994
1.4539999999999997
1.6059999999999999
1.2879999999999996
1.4620000000000002
1.6499999999999997
1.134
1.3599999999999994
1.3999999999999997
1.3019999999999998
1.5159999999999993
1.2779999999999996
1.0979999999999996
1.5099999999999998
1.4379999999999995
1.7199999999999995
1.3879999999999992
1.6119999999999999
1.2419999999999998
1.33
1.2119999999999997
1.2159999999999995
1.294
1.1239999999999994
1.3940000000000001
1.2480000000000002
1.3619999999999999
1.2339999999999993
0.9760000000000005
1.2179999999999997
1.2519999999999993
1.405999999999999
1.571999999999999
1.4340000000000004
1.3760000000000006
1.5020000000000002
1.32
1.104
1.4260000000000002
1.158
1.7320000000000002
1.2679999999999998
1.3120000000000003
1.5079999999999996
1.202
1.7480000000000002
1.7859999999999991
1.7139999999999989
1.4420000000000002
1.8279999999999998
1.1639999999999997
1.8019999999999998
1.8759999999999997
1.2679999999999993
1.5199999999999991
1.6939999999999995
1.8660000000000005
1.5359999999999996
1.2239999999999998
1.4359999999999993
1.5499999999999998
1.4599999999999982
1.228
1.5120000000000002
1.2819999999999998
1.0399999999999996
1.3099999999999994
1.2039999999999993
1.4140000000000006
1.2459999999999998
1.5039999999999991
1.3379999999999999
1.3239999999999994
1.5399999999999998
1.16
1.2800000000000005
1.3399999999999996
1.4200000000000004
1.1980000000000002
1.1299999999999994
1.4640000000000006
1.1839999999999993
1.1840000000000002
1.3959999999999986
1.3579999999999992
1.436
1.6719999999999988
1.1719999999999995
1.4139999999999995
1.3379999999999992
1.2039999999999997
1.6180000000000003
1.0260000000000005
1.1440000000000001
1.4980000000000002
1.2379999999999998
1.242
1.4460000000000002
0.9819999999999999
1.415999999999999
0.9400000000000003
1.2820000000000005
1.5260000000000002
1.1640000000000001
1.4220000000000004
1.034
1.158
1.1079999999999999
1.1860000000000006
1.2340000000000002
1.1640000000000004
0.954
1.1700000000000004
1.3880000000000001
1.1740000000000004
0.8680000000000002
0.9900000000000001
1.0000000000000002
1.2679999999999993
1.2559999999999998
1.1319999999999992
0.964
1.4000000000000006
1.1020000000000003
0.8739999999999999
1.1879999999999995
1.0219999999999998
1.0039999999999998
1.246
1.0320000000000003
0.9440000000000002
1.0939999999999996
0.986
1.01
1.1140000000000003
0.9280000000000002
0.9500000000000004
1.1300000000000001
1.0359999999999998
1.1019999999999994
0.9679999999999999
1.0359999999999996
0.8059999999999995
1.4020000000000001
0.9240000000000004
1.0560000000000003
1.03
1.1379999999999995
0.9679999999999999
0.9300000000000004
1.1740000000000002
1.1220000000000003
1.074
1.022
0.9120000000000001
1.1499999999999995
1.0439999999999996
1.294
1.17
1.0939999999999994
1.147999999999999
0.9599999999999995
1.162
1.0620000000000003
1.026
0.9159999999999999
0.8539999999999996
1.0280000000000002
1.0659999999999998
1.1239999999999997
1.1659999999999997
1.1119999999999997
1.0020000000000002
1.1760000000000002
1.0759999999999996
0.8899999999999999
1.0759999999999996
1.3419999999999999
1.1939999999999997
1.0939999999999999
0.826
1.1139999999999999
1.104
1.0180000000000007
1.0820000000000003
0.9079999999999997
1.3319999999999999
0.9560000000000005
1.018
1.2360000000000004
0.956
1.058
0.9580000000000004
1.3959999999999997
1.112
1.0699999999999998
0.9820000000000007
0.9620000000000001
1.072
1.3039999999999998
1.022
1.1220000000000003
1.086
1.4299999999999997
1.25
0.8900000000000001
1.2200000000000009
1.1000000000000008
1.1800000000000004
0.7500000000000004
0.9419999999999997
1.0060000000000002
1.0720000000000003
1.3259999999999996
1.1740000000000002
1.1559999999999995
1.0519999999999998
0.856
0.902
1.2839999999999991
1.0979999999999996
0.9099999999999995
0.9480000000000001
0.9819999999999998
0.9579999999999997
1.172
1.114
0.904000000000001
1.1119999999999992
0.7599999999999996
1.0259999999999998
1.0279999999999998
1.0099999999999993
1.0440000000000003
1.0539999999999994
0.722
1.0739999999999998
1.048000000000001
0.9340000000000006
0.7959999999999998
0.9620000000000007
1.0239999999999998
1.314
1.0339999999999998
1.3880000000000001
0.8219999999999996
1.2320000000000004
1.306
0.7999999999999996
1.1100000000000005
0.8959999999999991
1.1440000000000001
1.3360000000000012
1.2339999999999995
1.5699999999999994
1.204
1.179999999999999
1.0599999999999996
0.9799999999999998
1.0279999999999996
0.9980000000000002
0.9140000000000004
1.3819999999999992
1.0960000000000003
1.0939999999999999
1.1239999999999997
0.9419999999999998
1.004
0.8860000000000006
1.3739999999999992
1.214
1.1740000000000004
1.1760000000000002
0.9599999999999997
1.0280000000000005
1.244
1.1000000000000003
1.3579999999999999
0.9999999999999997
1.0920000000000003
1.1300000000000001
0.9360000000000003
1.0339999999999998
1.014
1.04
1.2920000000000003
1.098
1.1219999999999997
1.0959999999999994
0.946
0.8440000000000002
1.1680000000000001
1.3100000000000003
0.9779999999999999
1.0579999999999996
1.1579999999999997
1.2460000000000002
1.0880000000000007
1.0520000000000003
1.0100000000000007
1.0879999999999999
1.1060000000000003
0.8719999999999994
1.0839999999999999
1.008
1.1859999999999995
0.754
1.2040000000000004
1.0019999999999998
1.1659999999999997
0.8180000000000005
1.1820000000000008
1.03
0.93
0.8179999999999998
0.8380000000000004
1.0379999999999996
1.0959999999999999
0.9019999999999999
1.2379999999999993
0.8239999999999994
0.9820000000000007
0.968
1.1820000000000004
0.9860000000000001
1.0359999999999996
0.9500000000000004
1.16
1.0419999999999994
1.0019999999999998
0.8759999999999999
1.1480000000000001
0.8820000000000005
0.966
1.0480000000000005
1.1740000000000002
1.0300000000000002
1.0699999999999992
0.9860000000000001
0.9759999999999998
1.0360000000000005
0.9720000000000003
0.8380000000000003
1.204
0.8339999999999997
1.1400000000000008
1.0399999999999998
1.1400000000000003
1.0699999999999996
1.1900000000000008
1.092
1.161999999999999
1.5099999999999987
1.2340000000000002
1.126
1.1740000000000006
0.9379999999999997
0.9140000000000001
1.0339999999999996
1.1279999999999997
1.229999999999999
1.1940000000000002
1.146000000000001
0.9279999999999999
1.3099999999999996
1.1159999999999999
1.0159999999999996
1.0959999999999999
0.8340000000000002
1.1660000000000006
1.172
0.9859999999999997
1.016
1.0259999999999996
1.0039999999999991
1.0279999999999998
0.9560000000000002
1.0539999999999994
1.072
1.0099999999999998
0.8639999999999997
1.0399999999999998
1.0959999999999999
1.1120000000000005
1.1320000000000001
1.0739999999999998
0.9399999999999997
1.0399999999999996
0.7459999999999993
0.9279999999999994
1.1059999999999997
0.9760000000000001
1.1420000000000001
0.7500000000000001
0.9619999999999992
1.0159999999999993
0.8160000000000001
0.8919999999999998
0.9799999999999995
1.0339999999999996
1.101999999999999
0.9579999999999999
0.9140000000000001
0.9719999999999996
0.8740000000000002
0.8940000000000005
0.8499999999999999
0.9540000000000002
1.1940000000000004
0.9379999999999997
0.9419999999999998
1.1780000000000004
1.0739999999999992
0.8579999999999995
1.0539999999999996
0.9100000000000003
1.058
0.7599999999999997
0.9700000000000003
0.9760000000000008
1.0299999999999994
1.0079999999999998
1.1980000000000002
0.9920000000000002
0.9180000000000001
1.126
0.8920000000000001
0.932
0.8780000000000001
0.9339999999999997
0.9619999999999999
1.1019999999999996
0.9240000000000004
1.081999999999999
1.018
0.6300000000000003
0.9779999999999999
0.8140000000000001
1.2060000000000002
1.2179999999999997
1.078
1.064
1.0160000000000002
1.0699999999999998
0.9719999999999994
1.1799999999999995
0.9919999999999995
1.0559999999999994
1.0379999999999994
0.9420000000000006
0.9480000000000001
1.0260000000000005
1.1199999999999999
1.2839999999999996
1.182
1.2919999999999996
0.9919999999999995
1.1720000000000008
0.7759999999999998
0.7339999999999999
1.1340000000000001
0.8360000000000001
0.9740000000000005
0.9620000000000007
0.9899999999999995
0.9419999999999996
1.2800000000000005
0.9700000000000002
0.8760000000000001
0.9319999999999999
0.9060000000000002
0.8700000000000001
0.8779999999999998
0.838
0.9000000000000007
0.9419999999999998
1.1960000000000006
1.0320000000000003
0.7659999999999993
0.748
1.0359999999999994
0.9440000000000002
1.154
0.948
0.8299999999999994
0.9420000000000002
0.8460000000000004
1.0699999999999996
1.05
0.8100000000000007
0.9320000000000007
0.94
1.0660000000000003
0.748
0.8519999999999996
0.7979999999999993
1.2220000000000004
1.0019999999999998
1.158
1.1360000000000003
1.0339999999999996
1.048
1.1179999999999992
0.8120000000000003
0.9159999999999997
1.0240000000000002
1.0220000000000002
1.035999999999999
0.9840000000000002
1.0819999999999994
0.8900000000000001
1.1040000000000003
0.9780000000000004
1.0440000000000003
1.3679999999999994
0.8760000000000001
1.1959999999999995
1.0539999999999994
1.1599999999999997
1.1519999999999992
0.9200000000000003
1.0540000000000003
1.1160000000000003
1.1379999999999992
0.9919999999999995
1.0280000000000002
1.1219999999999992
1.1100000000000003
1.0640000000000003
1.128
1.3519999999999999
1.0720000000000005
1.0459999999999998
1.37
1.0239999999999996
1.1139999999999994
1.0459999999999994
1.1840000000000002
1.2919999999999996
0.9760000000000001
1.0979999999999996
1.3159999999999998
1.1760000000000006
1.2239999999999995
0.8520000000000003
0.926
1.13
1.2280000000000004
0.95
1.2259999999999998
1.186
0.8499999999999994
0.8420000000000006
1.05
1.246
0.9959999999999998
1.158
1.3100000000000005
0.9
1.064
1.0999999999999996
1.0819999999999999
1.416
0.9100000000000005
0.9679999999999999
1.1140000000000005
1.0060000000000004
1.3280000000000007
1.0259999999999991
1.2559999999999998
1.1640000000000001
1.046
1.0439999999999998
0.8959999999999998
1.3099999999999994
1.2600000000000011
0.8659999999999991
1.3580000000000003
0.9500000000000006
0.9979999999999996
0.9439999999999997
0.8620000000000003
1.0880000000000003
0.9539999999999993
1.0739999999999994
1.1640000000000004
1.0159999999999996
0.9679999999999993
1.0499999999999998
1.2200000000000006
0.8899999999999999
0.846
0.9340000000000002
1.0219999999999998
0.8
0.9519999999999993
1.032000000000001
1.0639999999999996
0.8139999999999997
1.018000000000001
0.8159999999999996
1.0239999999999998
0.8900000000000002
1.046
1.0359999999999998
1.1960000000000006
0.7540000000000007
0.8600000000000003
0.9799999999999993
0.7880000000000003
0.8880000000000001
0.9740000000000002
1.3140000000000003
1.1519999999999992
0.8920000000000003
0.93
1.0880000000000003
1.3160000000000003
1.0559999999999996
1.0319999999999991
0.9079999999999999
0.9380000000000003
1.0839999999999994
0.8200000000000002
1.0539999999999998
0.7540000000000002
0.9819999999999998
1.2359999999999998
1.0339999999999991
1.1939999999999997
0.92
0.8599999999999999
1.2399999999999995
0.9440000000000001
1.0959999999999999
0.9599999999999999
1.4119999999999997
1.242
1.236
1.1859999999999997
1.0680000000000003
0.9839999999999997
1.182
1.1139999999999999
1.2480000000000002
1.33
1.2680000000000002
1.0960000000000003
1.3120000000000005
1.0319999999999998
1.1780000000000006
1.2400000000000009
0.8420000000000006
0.9440000000000004
1.3700000000000006
1.296
1.1839999999999997
1.256000000000001
1.1079999999999994
1.3080000000000005
1.0839999999999999
1.2959999999999996
1.2799999999999998
1.0199999999999996
1.0479999999999996
0.9820000000000002
1.1880000000000008
1.3260000000000003
1.2640000000000005
1.1459999999999995
1.1119999999999999
1.3600000000000005
1.2139999999999997
1.306
1.1500000000000004
1.0880000000000003
0.9919999999999999
1.0100000000000002
1.0019999999999996
0.9319999999999999
1.0319999999999998
1.3039999999999994
0.9279999999999998
1.348
1.0699999999999996
1.2340000000000002
1.1959999999999997
1.2999999999999998
0.9959999999999992
1.5220000000000011
0.7839999999999996
1.0380000000000005
1.446000000000001
1.1999999999999997
1.2279999999999995
1.1879999999999995
1.1900000000000004
1.3219999999999998
1.1419999999999997
1.3639999999999994
1.3059999999999992
1.44
1.5480000000000005
1.3679999999999999
1.6239999999999994
0.9379999999999997
1.2460000000000002
1.422
1.5219999999999998
1.7240000000000009
1.6079999999999997
1.418
1.35
1.406
1.358
1.5520000000000005
1.2239999999999995
1.5039999999999998
1.3339999999999999
1.682000000000002
1.6460000000000006
1.3139999999999998
1.2840000000000003
1.7220000000000006
1.5600000000000005
1.6280000000000003
1.45
1.7959999999999994
1.4140000000000006
1.1859999999999997
1.560000000000001
1.2659999999999993
1.3619999999999999
1.3719999999999997
1.3439999999999994
1.5819999999999999
1.6800000000000006
1.4579999999999997
1.274
1.3400000000000003
1.4180000000000006
1.7560000000000002
1.5199999999999991
1.1880000000000002
1.5299999999999998
1.2960000000000003
1.2599999999999996
1.5499999999999998
1.8419999999999999
1.3880000000000001
1.4240000000000004
1.3319999999999999
1.3280000000000003
1.2540000000000002
1.6339999999999995
1.1660000000000001
1.298
1.3239999999999994
1.3259999999999998
1.3580000000000003
1.2519999999999996
1.4480000000000002
1.3319999999999996
1.3159999999999998
1.5719999999999998
1.3519999999999999
1.9080000000000001
1.7539999999999996
1.454
0.9219999999999997
1.5860000000000014
1.5960000000000005
1.592
1.1699999999999997
1.7379999999999998
1.2860000000000005
1.3859999999999995
1.2900000000000003
1.4640000000000004
1.362000000000001
1.494
1.69
1.2320000000000002
1.4640000000000006
1.5839999999999999
1.3659999999999999
1.1419999999999997
1.1240000000000006
1.3700000000000003
1.5620000000000003
1.2340000000000002
1.4379999999999997
1.4000000000000012
1.7780000000000005
1.2820000000000005
1.338
1.2840000000000003
1.3239999999999994
1.3860000000000001
1.5260000000000007
1.5139999999999998
1.6119999999999999
1.8019999999999994
1.4420000000000002
1.4659999999999997
1.2440000000000007
1.4899999999999993
1.1799999999999995
1.1379999999999997
0.976
1.1459999999999997
1.2880000000000005
1.286
1.5920000000000007
1.058
1.69
1.4560000000000002
1.3399999999999994
1.496
1.456000000000001
1.4480000000000002
1.3860000000000006
1.2179999999999997
1.1959999999999997
1.4900000000000002
1.7159999999999993
1.2439999999999998
1.544
2.0620000000000003
1.1840000000000002
1.304
1.382
1.5779999999999996
1.5260000000000002
1.164
1.6080000000000003
1.4119999999999997
1.362
1.464
1.896
1.824
1.4720000000000006
1.8700000000000003
1.3700000000000003
1.6200000000000006
1.936
1.7040000000000008
1.9560000000000013
2.772
1.724000000000001
1.7759999999999996
2.2560000000000016
2.754000000000001
2.266
2.2899999999999987
2.148000000000001
2.1180000000000003
2.1140000000000003
1.5779999999999992
1.9000000000000006
1.9260000000000008
2.8980000000000015
3.0440000000000005
2.574
2.362000000000001
3.080000000000002
2.9740000000000038
2.8360000000000025
2.2319999999999998
2.036
2.59
2.188000000000001
1.9060000000000008
2.322000000000001
2.044
2.654000000000001
2.9000000000000004
2.5200000000000022
2.164
2.941999999999999
2.914000000000001
2.651999999999999
1.974000000000001
2.336000000000001
2.2340000000000004
3.23
2.0500000000000007
2.4200000000000004
2.3620000000000005
3.107999999999998
2.534000000000001
2.8820000000000006
1.912000000000002
2.8360000000000007
2.032
2.8760000000000003
2.532
2.5260000000000007
3.382000000000001
1.9400000000000008
2.54
2.4859999999999993
3.4480000000000013
2.3039999999999994
2.7580000000000013
2.3400000000000007
1.984000000000001
2.608000000000002
2.582
2.258000000000001
2.1260000000000017
2.2140000000000013
3.0059999999999985
3.3220000000000014
2.9719999999999978
2.5340000000000003
3.104000000000001
2.697999999999999
2.4120000000000017
2.638
2.3960000000000012
3.4080000000000013
2.3979999999999992
3.120000000000001
2.5940000000000016
1.8260000000000018
2.584000000000002
2.8079999999999994
2.795999999999998
3.5919999999999974
2.829999999999997
2.428
2.7919999999999994
2.613999999999999
2.286000000000002
2.9160000000000026
2.1180000000000008
2.552000000000001
1.9800000000000006
2.8480000000000008
2.6639999999999997
2.7020000000000004
2.1840000000000006
2.685999999999999
3.0080000000000013
2.1240000000000006
2.968
2.8300000000000023
2.3140000000000014
1.5399999999999994
2.758
2.736
2.2980000000000023
2.600000000000001
3.1180000000000008
2.3120000000000007
2.8520000000000003
2.154
2.6720000000000015
2.825999999999999
2.938000000000002
2.448000000000001
3.0419999999999994
2.677999999999999
2.4760000000000013
2.103999999999999
2.8380000000000005
2.7120000000000006
2.8060000000000014
2.8639999999999985
2.7459999999999987
2.8760000000000003
2.0080000000000013
2.2960000000000007
2.428000000000001
2.2680000000000025
2.8
2.538
2.138
2.795999999999999
3.1280000000000006
2.624000000000001
3.326
3.718000000000001
3.085999999999999
3.3499999999999996
2.452
2.846000000000002
2.164000000000001
2.814000000000001
2.8920000000000012
2.9360000000000004
2.854000000000002
2.1360000000000015
2.2139999999999986
3.0200000000000014
1.9340000000000013
2.556
2.958000000000002
2.5519999999999996
2.6140000000000017
3.5240000000000014
3.6119999999999988
3.1299999999999994
2.0439999999999996
2.4380000000000006
3.251999999999998
2.606000000000002
3.272
3.022000000000001
2.2060000000000004
2.2400000000000007
3.0840000000000005
2.7940000000000014
3.4079999999999995
2.612
3.090000000000002
2.8580000000000014
2.3119999999999994
2.839999999999998
2.7940000000000005
2.338000000000001
2.5940000000000007
3.2779999999999982
3.2719999999999994
2.4660000000000015
2.9839999999999987
2.6179999999999977
2.536000000000002
2.6340000000000003
3.037999999999998
2.3340000000000027
2.3900000000000006
3.2900000000000005
3.2840000000000007
2.5680000000000005
2.3920000000000003
3.233999999999999
2.9339999999999993
2.588
2.758000000000001
1.8740000000000003
2.6120000000000005
2.3280000000000007
1.8540000000000012
2.4419999999999997
2.224000000000001
2.7080000000000006
3.0320000000000005
2.7740000000000005
2.6900000000000013
2.682000000000001
2.6660000000000013
2.6260000000000003
3.177999999999999
3.2839999999999985
3.2939999999999996
2.714000000000001
2.386
2.612
2.152000000000001
2.206000000000001
2.4600000000000017
2.863999999999999
2.726000000000001
2.4119999999999995
2.508000000000001
2.6420000000000003
2.85
2.8
2.934
2.5
2.530000000000003
2.5420000000000003
2.7219999999999995
2.3920000000000017
2.478000000000002
3.557999999999999
2.986
2.562000000000001
2.9499999999999993
2.9400000000000004
2.226
3.037999999999999
2.8480000000000003
2.8079999999999994
2.7060000000000013
2.6319999999999997
2.7859999999999996
2.7179999999999995
2.437999999999999
2.262000000000003
2.2219999999999995
2.8580000000000014
3.818
2.9700000000000006
3.0299999999999976
2.540000000000001
2.224000000000001
1.952000000000001
2.7120000000000015
2.7299999999999995
3.32
2.444
2.2340000000000004
2.830000000000001
1.9320000000000004
2.2360000000000024
2.8320000000000003
2.3460000000000005
2.095999999999999
2.6260000000000012
2.6500000000000004
3.5180000000000002
2.456000000000001
3.066000000000002
3.2620000000000022
2.2739999999999987
3.4200000000000013
2.0380000000000007
2.570000000000001
2.036
2.7380000000000018
2.9839999999999987
2.7739999999999996
2.4380000000000006
2.8440000000000003
2.676
2.748
3.14
2.378
3.050000000000001
2.496000000000003
3.02
2.66
3.1140000000000008
2.6859999999999995
2.6020000000000003
2.354000000000001
2.795999999999999
2.24
2.5660000000000003
2.5680000000000005
2.482
2.946000000000002
3.4460000000000006
3.123999999999999
2.556000000000002
2.4920000000000013
2.7719999999999994
3.6419999999999972
3.1039999999999996
2.286000000000001
3.044000000000001
2.458
2.5980000000000016
2.9000000000000004
2.995999999999999
2.519999999999999
3.1800000000000024
2.9
3.4580000000000006
2.394000000000001
2.9180000000000006
3.884000000000001
2.792000000000001
2.4820000000000007
2.870000000000001
2.7320000000000007
2.634000000000001
2.6500000000000012
2.192000000000001
3.1799999999999966
3.257999999999999
2.015999999999999
2.2540000000000022
2.334
2.2359999999999998
2.8200000000000007
2.817999999999999
2.920000000000002
3.475999999999999
2.4460000000000006
2.4600000000000013
2.506000000000001
3.094000000000003
2.8719999999999986
2.2700000000000005
2.5900000000000007
2.3480000000000016
2.9539999999999975
3.501999999999999
2.9119999999999986
3.2039999999999997
2.6140000000000008
2.8700000000000023
3.0340000000000007
2.700000000000001
1.98
2.5860000000000025
2.4240000000000013
2.0660000000000007
2.6720000000000015
2.795999999999999
2.1060000000000008
2.4380000000000015
1.7240000000000004
2.6480000000000015
2.5500000000000016
1.9080000000000006
2.5
2.356000000000001
2.076000000000001
2.768000000000001
2.138000000000001
2.2
2.3620000000000014
2.3400000000000016
2.0300000000000025
2.3540000000000005
2.4960000000000018
2.5440000000000005
2.680000000000001
3.244000000000001
2.918
2.644
2.4180000000000006
1.9680000000000004
2.7480000000000007
1.692000000000001
2.4480000000000004
3.418
2.208000000000002
2.15
2.2020000000000004
2.218000000000001
2.8099999999999996
2.0679999999999996
2.9479999999999995
2.893999999999999
2.96
2.800000000000001
2.8099999999999987
2.416
2.1460000000000012
2.538
2.7840000000000003
2.2120000000000015
2.4800000000000013
3.070000000000001
2.486000000000002
2.820000000000001
2.580000000000001
2.318
2.6520000000000006
2.676000000000002
2.2340000000000004
2.718
2.916000000000001
2.8140000000000005
2.720000000000001
3.2800000000000016
2.890000000000002
2.8379999999999996
2.744000000000001
2.32
2.2619999999999987
3.1080000000000005
1.8880000000000008
2.472000000000001
2.98
2.3580000000000005
3.5260000000000002
3.139999999999999
2.87
3.362000000000003
3.089999999999999
2.744000000000001
3.0539999999999985
2.678
2.5920000000000014
2.2840000000000007
2.3740000000000006
1.8040000000000003
3.238000000000002
2.4940000000000015
2.437999999999999
3.228000000000002
2.605999999999999
2.585999999999999
2.82
3.097999999999999
2.8539999999999996
2.6760000000000006
2.836000000000001
2.6
2.2700000000000005
2.954
2.7119999999999993
3.5040000000000004
2.284
2.996000000000001
2.7320000000000007
2.077999999999999
2.6740000000000013
2.4880000000000004
2.922000000000001
2.596000000000001
3.116000000000001
2.524
2.7120000000000015
3.2880000000000003
2.6740000000000013
2.772000000000001
2.1300000000000003
3.0879999999999996
3.1660000000000026
2.9619999999999997
3.2700000000000005
2.4880000000000013
2.519999999999999
2.734000000000001
3.2519999999999993
2.756
3.0199999999999996
3.0039999999999996
2.200000000000002
2.098000000000001
2.758
2.200000000000001
2.9480000000000013
1.97
2.417999999999999
2.664000000000001
2.8119999999999976
2.602
2.780000000000001
3.2259999999999995
2.45
2.6300000000000017
3.19
3.0679999999999983
3.0820000000000003
2.7319999999999998
2.3000000000000007
2.692000000000002
2.712000000000001
2.3360000000000003
2.5260000000000007
2.61
3.28
2.616000000000001
1.7720000000000007
2.5440000000000005
2.3080000000000016
3.24
3.1160000000000014
3.301999999999999
2.4420000000000006
2.745999999999999
2.58
2.870000000000001
3.086000000000002
2.474000000000001
2.513999999999999
3.2120000000000006
2.380000000000001
2.9279999999999986
2.9099999999999984
2.2600000000000007
2.7880000000000007
2.760000000000001
2.375999999999999
2.5880000000000014
3.102000000000001
2.7780000000000005
2.3400000000000003
3.521999999999999
2.6380000000000017
2.434
3.942000000000002
2.4900000000000015
2.209999999999999
2.552
2.943999999999999
2.582000000000001
2.852
3.1560000000000006
2.2699999999999996
2.5140000000000016
2.792
2.6519999999999997
2.6820000000000004
3.408
2.6620000000000017
2.6540000000000017
2.775999999999999
2.7939999999999996
3.286000000000002
2.8740000000000006
2.870000000000001
2.4740000000000015
3.0060000000000002
2.8339999999999987
2.114000000000001
2.1420000000000003
2.7359999999999998
2.446
2.5220000000000007
2.6839999999999997
2.81
2.9020000000000006
2.586
2.3360000000000007
2.714000000000003
2.81
3.0980000000000016
3.0419999999999994
3.45
2.812
2.942000000000003
2.6560000000000015
2.4939999999999993
3.2999999999999985
3.3840000000000017
2.8400000000000007
3.6300000000000017
1.9839999999999995
2.6040000000000005
3.3080000000000016
2.7640000000000002
2.69
2.8300000000000005
2.6699999999999995
3.0999999999999996
2.3260000000000005
2.7199999999999966
2.775999999999999
3.1980000000000013
3.1340000000000017
3.3880000000000012
3.080000000000002
2.5320000000000005
2.392000000000001
2.6860000000000004
3.438000000000003
2.819999999999999
3.2160000000000006
2.8259999999999996
2.7039999999999993
2.892
2.6679999999999997
3.432
3.175999999999998
3.1620000000000004
2.5980000000000003
3.0279999999999982
2.8579999999999983
3.4300000000000006
2.8919999999999972
2.915999999999999
3.136
2.5980000000000008
3.0640000000000014
3.385999999999998
2.7120000000000006
2.3020000000000014
3.595999999999999
2.5739999999999994
2.950000000000001
2.5640000000000005
3.176
2.456
2.8760000000000003
2.19
2.904000000000002
2.6600000000000006
2.268000000000001
1.9600000000000015
2.074000000000001
2.554
2.8320000000000003
2.4040000000000004
2.3760000000000003
2.596
2.386000000000001
2.902000000000001
2.9300000000000006
2.8000000000000025
3.171999999999999
2.5880000000000014
2.466
2.689999999999999
2.9020000000000006
2.38
2.8539999999999996
1.9900000000000009
2.1460000000000004
3.247999999999999
3.3440000000000025
2.991999999999999
2.59
3.438000000000001
2.741999999999999
3.089999999999999
3.1539999999999986
2.8620000000000005
2.1279999999999992
2.5180000000000002
2.1880000000000006
2.5920000000000005
2.615999999999999
2.672000000000001
2.9759999999999995
3.216
2.8959999999999986
2.605999999999999
3.07
2.0860000000000016
2.870000000000001
2.714000000000002
3.0980000000000003
2.1660000000000004
2.1920000000000006
2.668
2.5520000000000023
2.426
2.458
2.69
2.384
2.988000000000001
2.2100000000000004
2.7500000000000004
2.9760000000000004
2.634000000000001
2.790000000000001
2.2899999999999987
3.036
1.8280000000000018
2.358000000000001
2.654000000000001
3.242
2.7539999999999996
2.7439999999999998
3.2160000000000015
2.610000000000001
2.771999999999999
3.060000000000002
2.8400000000000007
2.2540000000000004
3.3160000000000007
2.4680000000000004
3.3079999999999994
2.620000000000001
2.6999999999999993
2.6000000000000005
2.6240000000000006
3.259999999999999
2.846000000000001
2.656000000000002
2.3080000000000016
2.3200000000000007
2.704000000000001
2.79
3.4440000000000013
2.318
2.5240000000000005
2.288000000000001
2.1000000000000005
2.8920000000000003
2.0180000000000002
2.6640000000000015
2.3160000000000007
3.0500000000000007
1.956
2.938
2.6979999999999995
2.365999999999999
2.2200000000000006
2.7700000000000022
2.2840000000000003
2.36
2.766
2.3239999999999994
2.874000000000001
2.7180000000000013
2.6520000000000006
2.4819999999999998
2.1720000000000006
1.838
2.034000000000001
2.886
2.4940000000000007
2.2840000000000007
2.044000000000001
2.464
2.4000000000000012
2.2740000000000005
2.3520000000000003
2.8479999999999994
2.838
3.084000000000002
2.4280000000000004
2.488
3.1939999999999986
2.7340000000000004
2.1999999999999993
3.9680000000000017
2.7019999999999995
2.6239999999999997
2.5140000000000002
3.0299999999999994
2.9780000000000006
3.2420000000000018
2.782000000000002
2.6700000000000013
3.2039999999999993
2.5460000000000003
2.214
2.8300000000000005
3.069999999999999
2.6960000000000006
3.584000000000002
2.0819999999999994
2.470000000000001
3.0839999999999987
3.0420000000000003
2.8620000000000014
2.7840000000000016
3.3440000000000003
1.874000000000001
2.4060000000000015
2.5800000000000005
2.07
2.967999999999999
2.935999999999998
2.1980000000000004
2.4899999999999993
3.0900000000000007
2.822000000000001
2.974
2.4360000000000017
2.9680000000000017
2.8039999999999994
2.9140000000000015
3.737999999999999
2.2500000000000018
2.5640000000000005
2.8099999999999987
2.9939999999999993
3.556
3.472000000000001
2.290000000000001
3.1960000000000006
3.2159999999999984
2.5280000000000005
2.332000000000001
2.748000000000001
2.917999999999998
2.994000000000002
2.596
2.8220000000000005
3.159999999999999
2.766000000000001
2.4219999999999997
2.2780000000000005
2.835999999999999
2.032
3.1979999999999995
2.703999999999998
2.375999999999999
2.668000000000001
2.392
3.696000000000002
3.374000000000001
2.3920000000000012
2.07
2.6320000000000014
2.8460000000000014
2.618000000000001
2.6
2.4080000000000017
3.26
2.9520000000000004
2.886
3.293999999999999
2.866000000000001
2.308
2.8640000000000008
2.6220000000000017
3.5620000000000016
3.616000000000001
3.254000000000001
3.2340000000000013
2.5860000000000007
2.7039999999999993
2.8339999999999987
3.3059999999999996
2.5159999999999996
3.14
2.897999999999999
2.608
2.8560000000000008
3.0239999999999982
3.0299999999999994
3.184000000000001
2.492000000000001
3.91
3.103999999999998
2.0280000000000014
2.7800000000000016
2.680000000000001
2.67
3.1659999999999986
2.212000000000002
2.3760000000000012
2.422000000000001
2.5820000000000003
2.202
2.636000000000001
2.964000000000002
2.3739999999999988
3.352000000000002
2.7139999999999986
2.536
2.3500000000000014
2.130000000000001
2.4060000000000006
2.312000000000001
2.8540000000000014
2.2040000000000006
2.4120000000000004
2.2780000000000014
1.97
2.914
2.1559999999999993
2.466
2.653999999999999
2.380000000000001
2.4859999999999998
2.5920000000000005
2.841999999999999
2.0240000000000022
2.2840000000000003
2.1639999999999997
2.440000000000001
2.5860000000000003
2.5
2.3480000000000016
2.6740000000000004
2.5599999999999996
3.096000000000001
2.5580000000000007
2.2980000000000005
2.534000000000002
2.3780000000000006
2.2940000000000005
2.0540000000000007
1.678
2.206000000000001
2.5360000000000005
2.394
1.9700000000000009
2.664000000000001
2.1360000000000006
2.448
2.3220000000000005
2.3539999999999996
2.772
3.262
2.1260000000000003
2.4799999999999995
3.0279999999999996
2.3979999999999997
2.126
2.786
2.241999999999999
1.7780000000000007
2.3120000000000003
1.9980000000000016
2.517999999999998
2.5959999999999996
2.2580000000000005
2.7840000000000016
2.026
2.8360000000000007
2.2740000000000022
3.168
2.2399999999999993
2.6500000000000017
2.148000000000001
2.122000000000001
2.55
2.570000000000002
2.8360000000000003
2.4979999999999993
2.0740000000000007
3.2160000000000006
2.582000000000001
3.238
2.1600000000000006
2.166000000000001
2.647999999999999
3.001999999999999
2.580000000000001
2.8140000000000005
2.9500000000000006
1.7759999999999996
2.4259999999999997
2.2340000000000004
2.658
2.242000000000001
2.6320000000000014
2.2340000000000018
3.3200000000000016
2.988
2.736
2.5360000000000023
2.176
2.2320000000000007
3.3179999999999996
2.9940000000000015
3.3080000000000007
3.517999999999999
2.954
2.0780000000000003
2.358000000000001
2.478000000000001
2.78
2.1919999999999993
2.640000000000001
2.7700000000000014
2.9999999999999996
2.684
2.964
2.484000000000002
2.8759999999999994
3.162000000000001
2.666000000000001
2.7739999999999974
1.9320000000000004
2.2139999999999995
2.2000000000000006
3.322
2.3380000000000005
2.937999999999999
3.408
2.2580000000000013
2.394
2.6280000000000006
2.617999999999999
2.7560000000000002
2.339999999999999
3.086
2.3160000000000007
2.060000000000001
2.3580000000000014
2.0260000000000016
2.5260000000000002
2.5420000000000003
2.2659999999999996
2.2580000000000005
2.526000000000002
2.444
2.388000000000001
2.524000000000001
2.432000000000001
2.7520000000000016
2.9820000000000015
2.8980000000000006
2.834000000000001
2.5680000000000005
2.940000000000002
2.5240000000000014
2.536000000000002
3.208000000000001
2.316000000000001
2.702
2.2880000000000016
2.658000000000001
2.0640000000000014
3.1719999999999975
3.1980000000000013
3.4160000000000013
2.7880000000000007
3.1159999999999997
3.065999999999999
2.562
3.070000000000001
2.1500000000000012
3.5180000000000002
2.202
2.954000000000002
2.5240000000000014
3.2499999999999996
2.454000000000001
3.1820000000000004
2.0840000000000014
2.838
2.5240000000000005
2.676000000000002
2.4979999999999998
2.654
2.6319999999999997
2.644
2.9240000000000004
1.9739999999999995
2.890000000000002
2.3460000000000005
2.662000000000001
2.759999999999999
2.516000000000002
2.080000000000001
2.178000000000001
2.366
2.7859999999999996
2.103999999999999
2.7360000000000015
2.4200000000000017
2.6979999999999986
2.7880000000000003
2.5420000000000007
2.8699999999999988
2.554000000000001
2.4420000000000015
2.9040000000000004
2.394000000000002
2.768000000000002
2.5140000000000007
2.8199999999999994
2.469999999999999
3.076000000000002
2.742000000000002
2.028
2.2460000000000004
1.8500000000000003
2.7060000000000004
2.0580000000000003
3.050000000000001
2.3220000000000014
2.8920000000000017
3.1120000000000005
2.4160000000000013
2.7439999999999993
2.992000000000002
3.7579999999999982
2.642
2.2600000000000007
2.45
2.9539999999999993
3.3140000000000005
2.658000000000001
2.861999999999999
2.598000000000001
2.7359999999999998
2.510000000000001
3.0760000000000023
3.0280000000000014
2.5960000000000014
3.210000000000002
1.8560000000000003
2.422000000000001
2.1659999999999995
2.422000000000002
3.2260000000000018
2.3439999999999994
2.394
2.4760000000000004
3.012000000000002
2.0579999999999994
2.6660000000000004
2.7
2.6880000000000006
2.3459999999999996
2.278
2.6999999999999993
2.659999999999999
2.5820000000000003
3.3620000000000014
2.270000000000001
2.5780000000000003
2.7340000000000013
2.8880000000000012
3.1980000000000017
2.5240000000000014
2.58
2.2360000000000007
3.450000000000003
2.794000000000001
2.6120000000000005
2.5299999999999994
2.624000000000001
3.154000000000002
3.29
2.7400000000000024
2.6080000000000023
2.1780000000000017
3.2719999999999994
2.226
2.7080000000000006
3.3620000000000014
2.9000000000000004
2.5620000000000003
2.4320000000000013
2.1120000000000014
2.275999999999999
3.2760000000000002
3.056
2.6320000000000006
3.1800000000000024
1.9239999999999997
2.6
2.1460000000000004
2.7300000000000013
2.4600000000000017
2.154
2.7420000000000018
2.396000000000002
2.8780000000000006
3.3920000000000003
2.5820000000000003
2.5980000000000008
2.6900000000000013
2.740000000000001
2.6019999999999994
2.1060000000000003
2.274000000000002
2.056000000000001
2.5360000000000005
3.0839999999999996
2.2879999999999985
2.719999999999999
3.056000000000002
2.2079999999999997
2.4900000000000015
2.6860000000000026
2.474000000000001
2.755999999999999
3.2
2.364
2.6939999999999986
2.3499999999999996
2.4939999999999993
2.702000000000002
2.5979999999999994
2.3579999999999997
2.486
3.3259999999999996
3.6679999999999984
2.6839999999999997
2.6240000000000014
2.5440000000000005
2.4620000000000024
2.894000000000001
2.273999999999999
3.2200000000000006
2.3360000000000007
2.3140000000000005
2.358000000000001
1.9080000000000004
2.7740000000000005
2.904
2.4680000000000013
2.9580000000000006
2.296
3.5100000000000007
1.8480000000000003
2.066000000000002
2.746000000000001
2.2900000000000005
2.9860000000000015
2.5020000000000007
2.5120000000000013
2.912000000000001
2.218000000000001
2.971999999999998
2.9600000000000017
3.2220000000000004
2.6740000000000004
2.2700000000000005
1.928
2.6579999999999995
2.016000000000001
2.8919999999999995
2.1600000000000006
2.49
3.0540000000000016
2.589999999999999
3.138000000000001
2.815999999999998
2.544
2.8820000000000006
2.799999999999999
3.512
3.3299999999999987
3.0260000000000002
2.5960000000000014
2.805999999999999
2.3220000000000005
2.58
2.2859999999999996
3.120000000000001
3.5059999999999976
2.404000000000001
2.9459999999999997
2.8100000000000005
2.6779999999999995
2.8039999999999994
2.868000000000001
2.3939999999999992
2.326000000000002
2.7899999999999996
2.6020000000000003
2.8299999999999996
2.5680000000000005
2.6740000000000004
3.090000000000001
1.8280000000000012
2.85
2.7000000000000006
2.8819999999999992
3.387999999999999
2.6100000000000008
2.4080000000000017
2.574
2.804
2.15
2.9660000000000015
3.1520000000000006
2.5080000000000013
2.694
2.7119999999999997
3.0419999999999994
2.626000000000001
2.512000000000001
2.4539999999999997
2.7099999999999995
2.9519999999999995
2.426
2.7820000000000005
2.8420000000000014
2.4900000000000024
3.4880000000000013
2.668000000000001
2.6719999999999993
3.4159999999999995
1.8200000000000005
2.9939999999999993
2.4080000000000017
2.7500000000000013
2.8299999999999996
2.454000000000001
2.466000000000002
2.928
2.8500000000000005
2.5820000000000003
2.510000000000001
2.389999999999999
3.2780000000000014
2.8519999999999994
3.0979999999999994
2.5400000000000005
3.4800000000000018
2.8360000000000007
1.8400000000000012
2.7779999999999996
2.2820000000000014
2.96
2.7079999999999997
2.5440000000000014
3.458
2.752000000000001
2.901999999999999
2.4619999999999997
1.768000000000001
2.2119999999999997
2.290000000000001
2.095999999999999
2.2219999999999995
2.855999999999999
2.792
2.718
2.282
2.7159999999999997
2.346
2.6180000000000008
2.9139999999999993
2.216000000000001
2.5899999999999994
2.858
2.2540000000000004
2.7940000000000014
2.106000000000001
2.5159999999999996
2.5340000000000003
2.6480000000000006
2.228000000000001
2.4139999999999993
3.5060000000000002
2.7940000000000005
2.0960000000000014
2.4120000000000013
2.608
3.1540000000000026
2.680000000000001
3.0099999999999985
3.2859999999999996
2.2660000000000005
2.538000000000001
1.906
2.430000000000001
2.9919999999999987
2.6140000000000003
3.353999999999995
2.7159999999999993
2.4959999999999996
2.704
3.2479999999999993
2.2720000000000002
3.17
2.4999999999999996
2.246000000000001
2.7019999999999995
2.8740000000000014
3.0480000000000014
2.4120000000000017
3.801999999999999
2.330000000000002
2.438000000000001
3.668000000000002
3.238
2.672000000000001
2.583999999999999
2.6979999999999995
2.3580000000000005
2.7159999999999997
2.2240000000000015
2.582
2.9660000000000015
2.8939999999999992
2.2300000000000004
2.408000000000001
2.562
2.224000000000001
4.028
2.2700000000000014
2.0820000000000003
2.722
2.2800000000000007
2.450000000000001
2.5120000000000027
2.7680000000000007
3.2380000000000013
2.0480000000000005
2.8220000000000014
2.737999999999998
2.3040000000000007
2.3859999999999992
2.7000000000000006
2.6720000000000015
3.1159999999999983
2.47
2.7380000000000013
2.1980000000000017
2.490000000000001
3.235999999999999
3.076000000000001
2.8700000000000023
2.91
2.4860000000000015
2.1599999999999997
2.8040000000000003
3.12
2.7160000000000015
3.274000000000001
2.7339999999999987
2.3520000000000003
2.5480000000000005
3.589999999999999
2.570000000000001
2.8499999999999988
3.134
3.027999999999999
2.9700000000000015
2.76
3.1140000000000003
2.1900000000000013
3.0699999999999985
2.9859999999999984
2.2659999999999996
2.522000000000001
3.509999999999999
3.102
2.430000000000001
2.647999999999999
2.504
2.9540000000000015
2.598000000000001
2.330000000000002
2.178
3.0480000000000014
3.1839999999999993
2.7899999999999996
3.2980000000000005
2.1540000000000017
2.9760000000000018
2.9419999999999993
2.8720000000000003
2.9499999999999984
2.5860000000000007
3.7120000000000015
3.258000000000001
2.492
3.092000000000001
2.910000000000001
2.576000000000002
3.1000000000000028
2.3800000000000012
2.6
2.5680000000000005
2.9600000000000004
2.6940000000000004
3.1000000000000005
2.324
3.1500000000000035
2.7119999999999997
2.630000000000002
2.378000000000001
3.312
2.0860000000000003
2.9339999999999997
3.38
2.378000000000002
2.5660000000000003
2.454
2.7800000000000016
2.6500000000000004
2.3259999999999996
2.4699999999999993
2.6960000000000006
3.3859999999999992
2.560000000000001
2.294000000000002
3.1400000000000006
2.330000000000001
2.124000000000001
2.4600000000000004
2.634
2.262000000000001
2.878
2.6900000000000004
2.038
2.352000000000001
3.2700000000000005
3.8160000000000007
2.3740000000000006
2.616
2.3860000000000015
2.636000000000001
2.638
2.47
3.0540000000000007
2.352
2.3660000000000014
3.1459999999999986
3.2019999999999995
2.5280000000000014
2.6220000000000017
2.22
2.694000000000001
2.5540000000000007
3.275999999999999
2.218
2.3080000000000003
2.63
2.521999999999999
2.254
2.7500000000000013
2.674
2.7360000000000007
2.204
2.232
1.9300000000000004
2.899999999999999
2.59
2.8499999999999988
2.468000000000001
1.6899999999999997
3.4379999999999997
3.148
2.7160000000000024
2.3639999999999994
2.9200000000000013
2.2960000000000007
2.6620000000000004
2.194000000000001
2.418
2.732000000000001
2.5379999999999994
2.8160000000000025
1.5399999999999994
2.5480000000000014
3.1599999999999993
2.654
2.7620000000000005
2.915999999999999
3.4400000000000017
2.498
2.5380000000000003
2.380000000000001
2.752000000000001
3.1200000000000006
2.838
2.29
2.0380000000000003
2.582000000000001
3.5879999999999974
3.2199999999999993
2.4499999999999993
2.6740000000000004
2.182
3.4460000000000015
2.766
3.133999999999999
2.539999999999999
2.5900000000000016
2.7620000000000005
2.368000000000001
2.4980000000000007
2.8180000000000005
2.5000000000000004
2.458000000000002
2.2240000000000006
2.733999999999998
2.588
2.450000000000001
2.624000000000002
3.022
2.500000000000001
2.9299999999999993
3.3939999999999997
2.5280000000000005
2.492000000000001
1.9300000000000008
2.7260000000000018
3.2000000000000024
2.8679999999999994
3.2100000000000026
2.4739999999999993
2.89
4.306000000000001
2.626000000000002
2.8499999999999996
2.3680000000000017
2.4840000000000004
2.772000000000001
1.9600000000000006
2.3200000000000007
3.2220000000000018
2.438000000000002
2.751999999999999
2.0320000000000022
2.3440000000000003
2.278
2.2700000000000014
2.856
2.4640000000000013
3.228
3.1980000000000013
3.1719999999999997
2.412000000000001
2.584000000000001
2.85
2.8079999999999994
2.6700000000000017
2.7120000000000006
2.178000000000001
3.2100000000000026
2.9239999999999986
2.544
2.1880000000000006
1.774
1.9980000000000002
2.3500000000000005
2.8900000000000023
3.286000000000001
2.804
2.032
2.48
2.6720000000000006
2.5440000000000005
2.668
2.3640000000000003
2.8020000000000005
2.620000000000001
2.356
2.516000000000001
2.5300000000000002
2.731999999999998
3.735999999999999
3.008000000000001
2.3120000000000007
2.4280000000000017
3.1180000000000003
2.959999999999998
2.5720000000000005
2.9760000000000013
2.347999999999999
3.008
2.724
2.280000000000001
2.5679999999999996
2.7340000000000013
2.4599999999999995
2.694000000000001
2.9319999999999977
2.266000000000001
2.506
2.706000000000001
2.7880000000000007
3.0540000000000016
2.84
2.9100000000000006
2.676
2.6180000000000017
2.5940000000000003
2.9379999999999997
2.2939999999999987
2.362
2.8440000000000003
2.5059999999999993
2.9000000000000012
2.9079999999999995
2.4800000000000013
2.424
2.6820000000000004
2.2540000000000004
2.344
2.9699999999999993
3.453999999999999
3.3399999999999994
2.664000000000001
3.114
2.5860000000000007
2.9400000000000004
3.2600000000000007
2.4920000000000018
2.880000000000001
2.862
2.6820000000000017
2.8939999999999997
2.1719999999999997
2.4380000000000006
2.994
2.6239999999999997
2.1940000000000004
2.3519999999999994
2.2339999999999995
2.8739999999999997
2.7719999999999994
2.8
2.914
2.6260000000000003
3.3640000000000003
3.0480000000000005
2.9479999999999995
3.2159999999999997
2.6620000000000004
2.0439999999999996
2.6839999999999997
1.7860000000000003
3.005999999999998
2.8520000000000003
2.6560000000000006
2.0079999999999996
3.18
2.4760000000000013
3.3900000000000006
2.555999999999999
3.1300000000000017
2.5839999999999996
2.7960000000000003
2.992000000000001
3.5239999999999987
2.8939999999999992
3.0660000000000003
3.3900000000000006
3.692000000000001
2.694000000000001
2.7979999999999996
3.043999999999999
2.7420000000000027
2.367999999999999
3.2459999999999987
2.3340000000000005
2.804000000000002
2.3780000000000006
3.096000000000001
2.957999999999999
2.498
2.880000000000001
3.2140000000000004
2.9820000000000015
2.757999999999999
2.6220000000000003
2.7239999999999993
2.454000000000001
2.9320000000000004
2.944000000000002
3.1100000000000008
2.5099999999999993
2.569999999999999
3.5980000000000003
3.992000000000001
3.089999999999998
2.6239999999999997
2.9139999999999993
3.3179999999999996
2.738
3.3460000000000014
3.333999999999999
3.765999999999998
3.5799999999999996
3.1819999999999995
3.4719999999999978
2.588
2.6920000000000006
2.812000000000001
2.218000000000001
2.5060000000000007
2.528
2.6599999999999993
2.6839999999999997
2.7119999999999997
2.488
2.680000000000001
3.0220000000000016
2.8440000000000003
3.042000000000001
3.341999999999999
2.3180000000000005
2.850000000000001
2.674000000000001
2.3560000000000003
2.8219999999999974
2.834000000000001
2.3339999999999996
2.6300000000000012
2.67
3.6859999999999995
2.4020000000000006
3.1319999999999997
2.961999999999999
2.556
2.8319999999999994
2.8080000000000003
3.2560000000000002
2.5060000000000007
3.2
2.908
2.412
2.97
2.738
2.2920000000000003
2.844
2.305999999999999
3.3339999999999987
2.031999999999999
3.2880000000000003
2.35
2.248
3.0260000000000002
2.5060000000000002
2.5420000000000003
2.606000000000002
2.016000000000001
2.906
2.23
2.5560000000000014
2.4999999999999996
2.7039999999999997
2.4800000000000004
2.9540000000000015
2.4659999999999993
2.498000000000001
2.660000000000001
2.7920000000000016
3.0260000000000007
2.1799999999999997
2.562000000000001
2.7839999999999994
2.302000000000001
3.122000000000001
2.6960000000000015
2.6880000000000006
1.9940000000000007
2.826
3.2520000000000007
3.0579999999999994
2.7100000000000004
2.7579999999999996
2.9999999999999996
2.318000000000001
2.5220000000000016
2.523999999999998
2.4600000000000004
3.254000000000001
2.9200000000000004
3.422000000000001
2.5740000000000007
2.6320000000000037
2.3300000000000014
2.5280000000000022
2.9940000000000015
2.6479999999999997
2.8640000000000017
2.508000000000001
2.9220000000000006
2.7560000000000024
3.4560000000000004
2.7019999999999995
3.152000000000001
2.9139999999999993
3.062
2.3680000000000003
3.468
2.856
2.5499999999999994
2.9960000000000004
2.7319999999999993
2.6820000000000004
2.522
2.5299999999999994
3.0979999999999976
2.536000000000001
2.808000000000001
3.3200000000000016
2.378000000000001
3.3559999999999985
2.884000000000001
2.942000000000001
2.7420000000000004
2.4780000000000015
2.3340000000000005
2.884000000000001
2.3820000000000006
2.9220000000000015
2.7800000000000007
2.0880000000000005
2.895999999999999
2.634
2.1020000000000003
2.6240000000000006
2.3980000000000006
2.428000000000002
2.7159999999999997
2.9059999999999997
2.552
2.976000000000001
1.9520000000000015
2.2080000000000006
2.364
2.344
3.700000000000001
2.5060000000000002
2.106
3.087999999999999
3.2659999999999996
2.576
2.2479999999999993
2.4259999999999993
2.4360000000000004
2.5159999999999996
2.7780000000000005
2.8640000000000017
2.346
2.6239999999999997
3.1899999999999995
3.2600000000000007
3.2600000000000016
2.452
2.3159999999999994
3.0380000000000007
2.532
2.4280000000000013
2.404000000000001
2.7499999999999987
3.018000000000001
2.3540000000000005
2.3040000000000003
3.4199999999999995
2.8879999999999995
3.365999999999999
3.193999999999999
3.204
2.918000000000002
3.050000000000001
2.6600000000000006
2.3740000000000006
2.2499999999999996
3.0040000000000004
2.581999999999999
2.546000000000001
2.182000000000001
3.2459999999999987
2.9259999999999993
2.9659999999999975
3.6260000000000012
2.1140000000000003
2.544
3.1800000000000006
2.184
2.6580000000000013
2.576
3.0419999999999994
2.824
2.708000000000001
2.56
3.100000000000002
2.4439999999999995
3.037999999999999
3.133999999999999
2.042000000000002
2.5880000000000005
3.003999999999999
3.325999999999999
2.314000000000001
2.3380000000000005
2.414
2.718000000000001
2.942000000000001
2.6140000000000003
2.6240000000000006
2.569999999999999
2.6379999999999995
3.156
2.4539999999999993
3.164000000000001
2.6039999999999996
2.356
3.177999999999999
2.1960000000000006
2.6920000000000006
2.6860000000000013
2.3800000000000003
2.6620000000000004
3.1780000000000013
2.4820000000000007
2.600000000000001
2.152
2.4379999999999993
2.6780000000000017
2.2600000000000002
2.5820000000000003
2.8040000000000016
2.1839999999999993
2.8280000000000025
2.5100000000000007
2.2960000000000007
2.81
2.5280000000000005
3.0320000000000022
3.1259999999999986
1.7539999999999998
2.236000000000001
1.9640000000000009
2.4800000000000018
2.8720000000000003
1.958000000000001
2.016000000000002
3.002
2.874000000000001
3.128
2.2940000000000005
2.174
2.810000000000002
2.2880000000000016
2.886
2.8080000000000003
2.2920000000000003
2.5340000000000003
2.3900000000000006
2.290000000000001
2.454
1.9339999999999997
2.5360000000000005
1.8219999999999996
1.8200000000000005
2.7580000000000013
2.0019999999999993
2.4379999999999997
1.7380000000000002
1.8719999999999999
2.49
2.111999999999999
2.384000000000001
1.9460000000000006
1.8879999999999992
2.9539999999999993
1.6920000000000002
2.3779999999999997
3.333999999999999
2.1080000000000005
3.365999999999999
1.8040000000000003
2.9900000000000007
2.0180000000000002
2.4999999999999996
2.7459999999999996
2.2120000000000006
2.472
2.4060000000000006
2.5580000000000003
2.162
3.5379999999999967
2.8619999999999988
2.428
2.306
3.3300000000000005
1.8639999999999999
2.494
2.6400000000000006
2.1060000000000008
2.058
2.286
2.9199999999999995
2.6
1.786
2.3040000000000007
2.1679999999999997
2.638
1.65
2.0660000000000003
2.864
2.434
2.125999999999999
2.1639999999999997
2.6519999999999997
2.5199999999999996
2.1039999999999988
2.716
2.5020000000000002
2.3179999999999996
3.2659999999999996
2.1460000000000004
2.6760000000000015
1.9439999999999997
2.3499999999999996
2.4039999999999995
2.456
2.37
2.6720000000000006
2.4920000000000004
2.3780000000000006
2.4619999999999997
2.112000000000001
2.494
2.9139999999999993
2.5019999999999993
2.1459999999999995
2.541999999999999
1.7699999999999991
2.7939999999999996
2.2520000000000002
1.9059999999999995
2.277999999999999
2.5079999999999987
2.0379999999999994
2.5959999999999996
2.8139999999999987
3.472000000000001
2.4659999999999993
2.398000000000002
2.2720000000000002
2.6799999999999993
2.6159999999999983
2.754000000000001
2.205999999999998
3.1119999999999974
1.9259999999999997
2.208
2.375999999999999
3.0979999999999994
2.2340000000000013
2.436
2.0980000000000003
2.5019999999999984
1.8219999999999998
2.526
3.4420000000000033
2.2420000000000004
3.1379999999999986
2.370000000000002
2.241999999999999
2.5780000000000003
2.772
1.942
1.7719999999999987
2.171999999999999
2.520000000000001
3.2439999999999984
3.0580000000000003
3.0780000000000007
2.732000000000001
2.3819999999999992
2.3640000000000003
2.7279999999999998
2.298
2.3220000000000005
2.9100000000000006
3.2439999999999993
3.0659999999999985
2.0959999999999988
2.577999999999999
2.4919999999999987
2.714000000000001
2.779999999999999
3.4079999999999986
2.186000000000001
2.5679999999999996
2.387999999999999
2.348000000000002
2.6719999999999997
3.2880000000000003
2.5280000000000005
2.336
2.939999999999998
2.07
2.6180000000000008
3.158
1.9879999999999989
3.1180000000000017
3.5780000000000007
2.9579999999999997
2.5440000000000005
2.841999999999999
2.83
1.9999999999999998
1.9680000000000013
3.6320000000000023
2.9160000000000004
1.8679999999999992
2.4079999999999977
1.7400000000000009
2.0860000000000003
2.728000000000002
2.3440000000000007
2.597999999999999
2.1040000000000005
2.3920000000000003
2.7120000000000006
2.6180000000000008
2.4220000000000006
3.086
3.324
3.034
2.198000000000001
2.0739999999999985
2.521999999999999
2.0440000000000005
2.818
2.497999999999999
2.362
2.6000000000000005
2.2639999999999993
2.4619999999999997
2.6400000000000006
3.102000000000001
2.3739999999999997
2.6340000000000003
2.5519999999999987
2.943999999999999
2.795999999999999
2.991999999999999
2.2359999999999998
2.892
1.9380000000000006
2.278
2.2760000000000007
2.4339999999999993
2.1039999999999988
2.8460000000000014
2.2339999999999987
2.1919999999999997
2.686000000000001
2.2480000000000007
2.4659999999999997
2.1319999999999997
3.0560000000000027
2.4699999999999993
1.9859999999999993
1.892
2.2
1.392
2.413999999999999
2.0679999999999996
1.8179999999999996
3.224
2.089999999999999
1.8699999999999992
1.8379999999999996
2.122
2.024
2.0559999999999996
2.4139999999999997
1.7639999999999998
2.209999999999999
2.465999999999999
1.9339999999999995
2.2739999999999996
1.82
1.9020000000000004
1.8379999999999996
1.9339999999999997
1.98
1.8199999999999996
1.6879999999999995
1.689999999999999
1.5839999999999992
1.4400000000000004
1.4660000000000002
1.6679999999999993
1.465999999999999
2.388
2.0439999999999996
1.45
1.7860000000000005
1.628
1.7620000000000005
1.5399999999999998
1.534
1.2059999999999997
1.0959999999999999
1.2799999999999998
1.3559999999999999
1.5779999999999985
1.3939999999999992
1.4420000000000002
1.5139999999999991
0.8299999999999998
1.4960000000000002
1.6920000000000002
1.3019999999999996
1.5620000000000003
1.3079999999999998
1.6920000000000002
1.3539999999999999
1.2320000000000002
1.1720000000000004
1.4980000000000002
1.2240000000000004
1.1520000000000004
1.0879999999999992
1.1600000000000001
1.6059999999999999
1.1940000000000008
1.49
1.1640000000000001
1.482
1.276
1.2299999999999995
1.1599999999999997
1.044
1.0659999999999998
0.9679999999999993
1.0660000000000005
1.0599999999999998
0.9939999999999999
0.9659999999999997
1.0279999999999998
1.1459999999999997
1.1759999999999997
1.3800000000000003
0.938
1.2539999999999991
0.9700000000000003
1.2819999999999998
0.9939999999999993
1.2060000000000002
1.1739999999999997
0.7399999999999999
1.172
1.116
0.8819999999999998
1.2339999999999995
1.0619999999999996
1.2900000000000003
1.1679999999999997
1.1380000000000001
0.9740000000000001
0.8659999999999998
1.0519999999999998
0.9860000000000003
1.2499999999999996
1.0939999999999999
1.3079999999999998
1.3559999999999997
1.2259999999999998
1.016
0.926
1.2680000000000002
1.2579999999999996
0.9380000000000004
1.2820000000000003
1.1780000000000002
1.1400000000000006
1.0899999999999999
1.1479999999999995
1.3079999999999998
1.0759999999999996
1.108
1.1659999999999997
1.1239999999999999
1.0400000000000003
1.0580000000000005
1.1019999999999996
1.0659999999999996
1.0799999999999996
1.3100000000000005
0.9699999999999998
1.1400000000000003
1.1319999999999997
1.1060000000000005
0.8859999999999996
0.8800000000000006
0.9359999999999998
1.0619999999999992
1.1139999999999999
1.3159999999999992
1.1079999999999999
1.0979999999999996
1.2780000000000002
0.9399999999999992
1.0159999999999993
1.204
1.0859999999999999
1.0559999999999994
1.0719999999999998
1.0180000000000005
0.9939999999999998
1.0240000000000007
0.8919999999999998
1.2979999999999998
1.0919999999999996
1.0640000000000003
1.2500000000000002
1.2799999999999994
1.0759999999999994
1.284
1.0080000000000005
1.08
1.1340000000000001
0.8160000000000001
1.3260000000000003
1.3280000000000007
1.1539999999999997
0.9459999999999993
0.916
1.2459999999999998
1.0020000000000002
1.1079999999999999
0.9480000000000003
0.8780000000000001
1.0719999999999994
1.1540000000000012
1.1000000000000005
1.0839999999999999
1.1420000000000003
1.1159999999999994
1.1320000000000001
0.8899999999999999
1.0240000000000002
1.0340000000000005
0.8519999999999998
0.9519999999999998
0.8780000000000001
1.1120000000000003
0.9259999999999997
0.9140000000000001
0.8259999999999995
1.008
0.9780000000000001
1.0959999999999999
1.068
0.9440000000000001
0.8560000000000005
0.9520000000000001
0.9560000000000006
1.204
1.0799999999999996
1.3279999999999998
1.3239999999999998
1.0439999999999998
0.8179999999999998
1.0780000000000003
1.1260000000000008
0.9739999999999998
1.1999999999999995
0.9159999999999999
1.1480000000000004
0.9319999999999995
1.0179999999999998
1.0819999999999996
1.1580000000000006
1.1360000000000001
1.0999999999999996
1.0419999999999998
1.074
1.0959999999999992
1.182
1.1119999999999994
0.8140000000000001
0.934
1.1500000000000001
1.4480000000000002
1.0699999999999998
0.9940000000000008
0.9420000000000003
1.2200000000000002
1.0460000000000003
0.7839999999999999
0.9199999999999992
1.182
0.8819999999999999
0.9299999999999998
1.0699999999999994
1.2119999999999997
0.8979999999999997
0.9499999999999997
0.904
0.8640000000000002
0.9559999999999996
0.7800000000000005
0.9879999999999992
0.9740000000000003
0.7960000000000007
0.9179999999999992
0.92
0.8959999999999999
1.0279999999999998
1.0279999999999998
0.882
1.2239999999999995
1.0100000000000005
0.9759999999999998
1.02
1.2620000000000007
1.0779999999999987
0.9400000000000002
1.0059999999999998
0.8019999999999995
1.071999999999999
0.8980000000000001
1.05
1.0239999999999998
1.1119999999999997
1.202
1.026
0.9219999999999995
1.0700000000000005
1.2139999999999997
0.8740000000000004
1.0779999999999998
1.058
0.9119999999999999
1.0700000000000007
0.9700000000000004
1.0020000000000002
1.5039999999999996
1.106
1.0419999999999996
1.1560000000000004
0.9780000000000002
0.8539999999999999
1.101999999999999
1.0699999999999998
0.9339999999999996
0.916
1.1260000000000003
1.094
1.0379999999999994
1.1420000000000001
1.0079999999999998
0.9660000000000004
0.9380000000000004
0.8060000000000003
1.0699999999999996
1.0699999999999996
1.0419999999999998
1.0339999999999994
1.0520000000000005
1.3739999999999986
0.8999999999999999
1.0720000000000005
1.1520000000000008
1.3699999999999994
1.258000000000001
1.1019999999999999
1.0799999999999994
0.9099999999999998
1.0199999999999998
0.9520000000000006
1.118
0.9960000000000003
0.9740000000000002
0.8839999999999998
0.8440000000000001
0.8240000000000006
0.9100000000000001
0.9660000000000004
0.9859999999999997
1.2220000000000004
0.8480000000000001
1.1459999999999995
1.2420000000000002
1.3439999999999994
0.8539999999999999
0.9239999999999994
1.0080000000000005
0.7839999999999993
1.1419999999999997
1.0879999999999994
1.1659999999999995
0.9220000000000002
1.2019999999999993
1.074
0.8659999999999998
1.0760000000000003
0.9059999999999997
1.3419999999999999
0.8760000000000003
1.1580000000000004
1.2320000000000002
0.8199999999999997
1.1500000000000001
0.8180000000000008
0.8459999999999996
0.8740000000000008
0.9660000000000002
0.8520000000000003
1.0019999999999998
0.8859999999999999
0.9979999999999998
1.1620000000000004
1.0100000000000002
0.9440000000000002
0.9639999999999993
1.016
0.9220000000000002
0.9359999999999999
1.0339999999999998
1.028
0.956
0.9639999999999997
1.2619999999999996
1.1080000000000003
1.104
0.8860000000000001
1.2240000000000002
0.9740000000000002
1.02
0.9720000000000006
0.912
1.1060000000000005
1.332
1.11
1.082
0.9600000000000004
1.1540000000000001
1.3740000000000006
1.166
1.046
1.2199999999999998
1.1299999999999992
1.046
0.9360000000000005
1.024
0.8779999999999998
1.0620000000000012
0.8539999999999999
0.8660000000000002
1.0980000000000008
0.7639999999999998
1.0099999999999998
1.455999999999999
0.9659999999999994
1.148
1.0919999999999996
0.9719999999999998
0.9339999999999997
0.8779999999999998
1.1519999999999997
1.2459999999999998
0.7900000000000003
0.944
1.028
1.018
1.3019999999999998
1.0319999999999998
1.0940000000000003
1.0899999999999996
0.9460000000000002
1.0919999999999996
0.9580000000000001
0.9779999999999999
0.8740000000000003
1.2500000000000002
1.0219999999999994
1.1359999999999995
0.9179999999999998
1.0739999999999994
1.0420000000000003
1.108
1.068
0.904
1.2639999999999998
0.8400000000000004
0.8400000000000002
1.2
1.0799999999999998
0.8959999999999997
1.1620000000000008
1.0560000000000007
1.0440000000000003
1.1360000000000001
0.8320000000000004
0.8200000000000003
1.094
1.0680000000000005
1.0319999999999994
1.2560000000000002
1.0499999999999994
1.114
1.1399999999999997
0.968
1.0940000000000003
1.1859999999999993
0.8339999999999997
1.2139999999999997
0.9999999999999999
0.9620000000000004
0.8319999999999996
0.8999999999999989
0.8540000000000001
0.9160000000000003
1.0479999999999996
0.9720000000000006
0.9860000000000001
1.0679999999999998
1.0659999999999996
1.0239999999999998
1.2959999999999994
0.9239999999999998
1.2639999999999993
1.0319999999999998
0.9920000000000003
1.0899999999999999
0.8000000000000004
1.134
0.7940000000000002
0.9720000000000002
1.134
1.3079999999999998
0.9500000000000003
0.8739999999999998
0.8139999999999997
0.914
0.7880000000000003
1.2659999999999993
1.006
1.1799999999999997
0.7440000000000002
1.0019999999999998
0.9059999999999998
1.0760000000000003
1.1480000000000004
1.1839999999999997
1.1219999999999997
0.8339999999999996
1.0439999999999994
0.8739999999999998
1.0940000000000007
1.0280000000000005
0.76
0.9420000000000006
0.8179999999999997
0.8960000000000001
0.9940000000000001
1.3580000000000003
1.1420000000000003
0.796
0.9079999999999998
1.0620000000000007
1.0400000000000007
1.1079999999999994
0.9
0.7840000000000003
0.878
1.2779999999999996
1.0740000000000007
0.9479999999999995
1.0259999999999998
0.8939999999999998
1.048
1.046
1.1259999999999997
1.0040000000000007
1.1320000000000003
0.9919999999999995
0.9239999999999996
1.0380000000000005
1.2760000000000005
0.9440000000000002
0.866
1.2060000000000002
0.954
0.9940000000000003
1.0699999999999998
0.872
1.0179999999999998
0.9640000000000001
0.9440000000000005
1.0459999999999992
1.2460000000000002
1.0019999999999996
1.0460000000000003
1.1919999999999993
1.04
1.1899999999999993
1.1739999999999993
1.014
1.1199999999999999
1.1060000000000005
1.0240000000000002
0.768
1.070000000000001
0.8760000000000001
0.8759999999999997
1.0179999999999996
0.9839999999999997
0.9039999999999995
0.972
1.2019999999999997
1.0419999999999996
1.136
1.0760000000000003
1.0220000000000005
1.0279999999999994
1.244
1.0020000000000004
0.8699999999999999
0.8759999999999998
0.9900000000000005
1.1659999999999988
0.9739999999999989
1.0459999999999996
1.0940000000000003
0.9019999999999999
1.0339999999999996
0.8840000000000003
0.8600000000000001
0.934
1.4760000000000004
1.1340000000000001
1.21
1.168
0.9040000000000005
0.9220000000000005
0.8420000000000002
1.0219999999999994
0.9080000000000003
1.0380000000000005
1.1260000000000006
0.9840000000000002
0.9259999999999994
0.998
0.9660000000000002
1.1819999999999995
1.2999999999999994
1.143999999999999
0.9199999999999996
0.9800000000000005
0.9080000000000004
0.8980000000000002
1.02
0.9320000000000002
1.0799999999999996
1.0159999999999996
0.8800000000000001
1.02
1.118
1.0000000000000002
1.1199999999999999
0.8999999999999997
1.0640000000000003
0.7580000000000002
1.1520000000000008
1.0199999999999996
1.1520000000000001
1.0540000000000003
0.9320000000000007
0.9419999999999997
1.342
1.080000000000001
1.0060000000000004
0.87
1.1600000000000004
1.1559999999999995
0.8979999999999998
0.784
1.2819999999999991
0.9700000000000002
1.2039999999999993
1.0740000000000003
0.8499999999999998
1.2919999999999994
0.9039999999999999
0.7579999999999998
1.1099999999999997
1.1359999999999997
1.026
1.3039999999999994
1.0840000000000005
0.9720000000000004
0.7500000000000004
1.0279999999999998
0.8119999999999997
1.066
0.8640000000000003
0.9280000000000002
1.2679999999999996
1.0499999999999987
1.0440000000000007
1.0880000000000003
1.0520000000000003
0.7160000000000001
1.026
1.074
1.0600000000000003
0.7640000000000002
0.9839999999999993
1.3320000000000005
1.0799999999999998
0.8759999999999993
0.9260000000000006
1.132
1.0339999999999996
0.8400000000000003
1.286
1.0600000000000003
1.1079999999999994
0.9939999999999999
0.8160000000000003
1.0639999999999994
1.2660000000000002
1.2679999999999998
1.156
0.8200000000000006
0.8320000000000002
1.2239999999999995
1.144
1.0459999999999998
0.8059999999999998
1.1640000000000001
1.052
1.0439999999999996
1.0140000000000002
0.988
1.0400000000000005
1.0820000000000003
1.2860000000000003
0.9580000000000003
1.1479999999999997
1.0100000000000007
1.042
0.8720000000000006
0.9579999999999999
1.0999999999999996
0.9179999999999999
1.172
1.1100000000000003
0.9620000000000004
1.126
0.9559999999999998
1.0859999999999994
0.9080000000000004
1.3539999999999992
1.0120000000000002
0.8420000000000003
1.1179999999999992
1.005999999999999
1.0139999999999996
1.155999999999999
0.8999999999999997
0.9520000000000002
1.0639999999999998
1.0879999999999996
0.8940000000000002
1.014
1.0059999999999993
1.026
1.046
0.818
1.0819999999999999
1.1440000000000006
1.152
0.9940000000000001
1.03
1.0739999999999994
1.1760000000000002
1.2000000000000002
0.8920000000000006
0.999999999999999
0.9680000000000004
1.0120000000000002
1.2700000000000002
0.8039999999999999
0.8699999999999997
0.8619999999999997
0.8399999999999999
1.0799999999999994
0.8879999999999992
0.9559999999999989
1.1560000000000001
1.0659999999999992
1.0760000000000007
1.2179999999999997
1.1399999999999997
0.8919999999999996
0.8939999999999999
1.0279999999999996
1.125999999999999
1.0199999999999996
1.0859999999999999
0.8860000000000007
1.1619999999999997
0.9720000000000006
0.9339999999999992
0.9840000000000002
1.0640000000000003
0.7079999999999999
1.1839999999999995
0.9739999999999998
1.2199999999999998
1.4200000000000004
0.8320000000000004
0.818
0.8080000000000002
0.9839999999999995
1.3619999999999997
0.8180000000000005
1.3460000000000003
1.0199999999999991
0.8220000000000007
0.81
0.7680000000000001
0.8540000000000005
1.1940000000000004
0.8180000000000003
0.8700000000000006
0.958
1.0880000000000003
0.9600000000000004
1.04
0.7899999999999996
1.1259999999999994
1.2899999999999994
1.3020000000000003
1.0460000000000005
0.94
0.7099999999999993
1.1179999999999992
0.8220000000000001
0.8459999999999994
1.0240000000000002
1.2160000000000004
1.0500000000000003
0.7759999999999997
1.05
1.0099999999999993
0.9820000000000002
1.1120000000000005
1.0839999999999999
1.2599999999999998
1.0539999999999998
1.0859999999999999
0.9679999999999999
1.0660000000000003
1.1660000000000006
1.088
1.1339999999999992
0.9159999999999998
0.9820000000000002
1.0939999999999994
1.2039999999999997
1.0719999999999998
1.1979999999999997
1.2280000000000004
1.2160000000000002
0.8940000000000005
1.0100000000000005
1.4080000000000001
1.1419999999999997
1.1460000000000006
1.1640000000000001
0.9840000000000002
1.2859999999999996
1.0259999999999991
0.9480000000000004
1.018
0.8240000000000005
1.0759999999999998
0.9619999999999999
1.1439999999999997
0.9800000000000001
0.9739999999999993
0.8799999999999997
1.1159999999999992
1.008
1.298
0.9679999999999993
0.8699999999999993
0.9480000000000001
0.8919999999999995
0.8739999999999999
1.5639999999999987
0.8880000000000001
0.7340000000000002
1.0539999999999998
1.212
1.070000000000001
1.0079999999999998
1.0319999999999994
0.7699999999999996
0.7840000000000004
1.0119999999999996
1.2600000000000002
1.0459999999999996
1.0319999999999996
0.9160000000000004
0.8739999999999994
1.0739999999999998
1.1580000000000006
0.8759999999999998
0.8620000000000004
0.9220000000000005
0.9540000000000002
1.0639999999999998
0.9799999999999998
1.308
1.3159999999999992
1.052
0.9939999999999999
0.9160000000000003
0.9699999999999993
0.9699999999999995
0.9160000000000008
1.1320000000000006
1.0719999999999998
0.9699999999999995
1.2339999999999995
1.3359999999999999
1.0379999999999996
1.1400000000000008
1.158
0.9640000000000001
1.0720000000000003
0.98
1.06
1.0079999999999998
1.2359999999999998
1.078000000000001
1.0839999999999999
1.2539999999999987
0.986
1.1459999999999995
1.2399999999999995
1.2499999999999998
0.9939999999999998
0.9239999999999999
0.9219999999999999
0.754
1.0580000000000005
0.7979999999999998
1.04
1.0359999999999998
1.0040000000000002
1.1219999999999999
1.1519999999999997
1.189999999999999
1.2920000000000005
0.9480000000000003
0.9260000000000003
0.8960000000000002
1.368000000000001
0.9819999999999999
0.838
1.104
1.0920000000000003
1.068
1.0539999999999998
1.268
0.8299999999999997
1.0360000000000005
1.0579999999999992
1.1400000000000001
0.7680000000000003
1.1239999999999994
0.7580000000000005
1.1019999999999999
0.9500000000000002
1.0179999999999996
1.0979999999999999
1.0999999999999996
0.9539999999999993
1.0199999999999998
1.0420000000000003
1.1300000000000003
1.0060000000000002
0.9539999999999995
1.0000000000000002
1.1940000000000013
0.9099999999999991
0.7640000000000002
1.146
0.8300000000000007
1.0619999999999994
1.0799999999999998
0.8479999999999999
1.0099999999999998
1.0019999999999996
0.9079999999999998
0.9600000000000004
1.0440000000000007
1.1279999999999994
0.8139999999999995
0.8639999999999999
0.9419999999999996
0.8600000000000003
0.8759999999999998
0.9119999999999996
0.8840000000000002
0.8140000000000005
1.1239999999999997
0.95
0.9459999999999995
0.8719999999999999
1.1999999999999986
1.0380000000000005
0.912
0.9739999999999991
0.7
1.0320000000000003
1.0960000000000008
1.0040000000000007
1.1599999999999993
1.1060000000000003
1.2160000000000004
1.1400000000000008
1.2139999999999993
1.2319999999999998
1.1580000000000004
1.2140000000000009
1.0519999999999994
0.9640000000000003
1.2300000000000002
0.8780000000000001
1.1559999999999995
0.8740000000000003
0.9799999999999995
0.9500000000000002
1.0119999999999998
1.1019999999999999
0.9719999999999992
1.1219999999999992
0.9539999999999995
1.0159999999999996
1.238
1.0759999999999998
1.0159999999999996
1.0079999999999998
0.9700000000000002
1.0219999999999994
1.046
1.064000000000001
0.8400000000000004
0.946
0.9619999999999996
1.4339999999999993
0.9180000000000006
0.7639999999999999
1.0859999999999996
0.8639999999999999
0.9580000000000006
1.4799999999999995
1.0119999999999991
1.0459999999999998
1.0000000000000004
0.8259999999999998
0.856
0.8679999999999994
1.2560000000000004
1.0259999999999996
0.8240000000000006
0.7479999999999998
1.0019999999999998
1.0220000000000002
0.944
1.0559999999999996
0.9919999999999998
1.0959999999999994
1.1780000000000006
0.8880000000000003
0.914
0.8079999999999999
0.8439999999999999
1.0679999999999998
0.7320000000000002
1.1060000000000003
1.1459999999999995
1.2139999999999993
0.8540000000000006
1.278
1.052
0.9439999999999997
1.092
1.1659999999999995
0.9559999999999998
1.1140000000000003
0.9360000000000008
0.7980000000000003
0.9440000000000002
0.9699999999999999
0.7519999999999999
0.8540000000000001
0.9779999999999999
0.9340000000000002
1.1719999999999995
1.2160000000000004
0.8980000000000001
1.0259999999999996
0.8119999999999997
0.9700000000000008
0.8939999999999999
1.046
1.0760000000000003
0.9659999999999997
1.1760000000000004
0.9859999999999997
1.0399999999999998
0.9499999999999994
1.2119999999999995
1.1959999999999997
1.1920000000000004
0.9619999999999987
1.1500000000000004
1.2520000000000002
0.9640000000000001
1.1420000000000006
1.1819999999999995
1.274
1.1560000000000001
1.1479999999999992
1.3900000000000006
1.2079999999999997
1.264
1.188
1.3760000000000006
1.0440000000000003
0.9119999999999996
1.1760000000000002
1.1599999999999995
1.195999999999999
0.9699999999999999
1.0240000000000002
1.0459999999999998
1.0239999999999991
1.3019999999999998
0.988
1.038
1.103999999999999
0.8859999999999997
1.0720000000000003
1.114
0.7020000000000003
1.0619999999999998
0.8539999999999998
0.8279999999999998
0.9800000000000005
0.8040000000000002
0.8500000000000003
0.9200000000000004
1.164
0.9160000000000008
0.9500000000000003
0.9999999999999999
0.9079999999999997
1.0559999999999996
1.1480000000000004
1.19
1.2799999999999994
0.9460000000000002
0.8319999999999996
1.2680000000000005
1.3020000000000003
1.3439999999999999
0.85
1.493999999999999
1.2019999999999997
1.14
1.0039999999999996
0.9340000000000002
1.1900000000000002
0.91
0.9900000000000001
0.8999999999999997
1.0479999999999998
0.9659999999999997
1.0319999999999998
1.0099999999999998
1.014
1.4119999999999997
1.0259999999999996
0.9559999999999998
1.1179999999999999
0.996
1.0979999999999996
0.9779999999999994
1.226
1.0940000000000005
1.1440000000000001
1.105999999999999
1.1159999999999994
1.298
0.9759999999999996
1.2999999999999998
1.1979999999999997
0.9800000000000003
1.0740000000000003
1.2899999999999998
0.8819999999999998
1.0539999999999998
1.026
1.3159999999999996
1.34
1.0960000000000003
1.0200000000000002
1.143999999999999
1.0540000000000003
1.1820000000000004
0.9719999999999996
0.9060000000000001
1.2979999999999996
1.4040000000000001
0.8479999999999999
0.838
1.016
1.0040000000000002
1.078
1.1419999999999992
1.0159999999999996
1.286
0.824
1.08
0.9819999999999999
1.1019999999999996
1.0199999999999998
1.0999999999999996
0.924
0.9559999999999991
1.2439999999999998
1.3459999999999994
1.2040000000000004
0.8640000000000002
1.298
1.3179999999999996
1.1660000000000001
1.0280000000000005
1.1119999999999999
1.2480000000000002
1.0740000000000005
0.9739999999999999
1.0080000000000002
0.9319999999999993
0.9919999999999999
0.9940000000000002
0.99
0.9959999999999998
1.1700000000000004
0.9840000000000002
1.201999999999999
1.1439999999999997
0.948
1.068
1.0720000000000005
0.87
1.0659999999999996
0.866
0.9400000000000006
0.9939999999999998
1.1860000000000002
0.9359999999999998
0.9719999999999996
0.938
1.0100000000000002
0.9399999999999998
1.1540000000000001
0.888
1.138
0.9819999999999999
0.8919999999999993
0.9079999999999999
0.9979999999999996
0.8420000000000002
0.9119999999999996
0.9820000000000003
1.187999999999999
