2.169000000000001
1.6489999999999991
1.5870000000000013
1.432
2.0239999999999996
1.7050000000000012
1.6820000000000013
1.4490000000000007
1.8040000000000007
1.436000000000001
1.7379999999999989
1.037
1.3990000000000002
1.1439999999999997
1.286
1.1720000000000004
1.157
1.0640000000000003
1.3959999999999995
1.153
1.282999999999999
1.489
1.3319999999999999
1.32
1.1009999999999993
0.8959999999999998
1.4290000000000012
1.0169999999999997
1.1369999999999998
1.3819999999999992
0.9390000000000001
0.9879999999999997
1.0259999999999998
0.9370000000000003
1.05
0.9279999999999998
1.129
1.3219999999999996
0.863
1.0370000000000001
1.0860000000000003
1.3699999999999997
1.1149999999999998
0.8350000000000002
1.0679999999999996
1.0170000000000001
0.9470000000000003
1.0520000000000003
0.8359999999999995
1.0939999999999996
1.1459999999999995
1.0530000000000002
1.1989999999999994
1.0439999999999998
0.9179999999999996
1.111
0.925
1.0289999999999997
1.0249999999999997
0.9550000000000004
1.2319999999999995
1.053
0.9369999999999993
1.097
1.035
0.8220000000000001
0.9870000000000003
0.8299999999999996
0.9939999999999999
0.9430000000000005
1.1399999999999992
1.0799999999999998
1.0059999999999991
1.1219999999999997
0.7790000000000002
1.08
0.9240000000000004
1.0510000000000002
1.151
1.0979999999999996
0.9439999999999995
0.8639999999999998
0.9159999999999995
1.1320000000000001
0.76
0.9370000000000003
1.0709999999999995
0.9499999999999997
1.3329999999999995
1.0000000000000007
0.9470000000000002
1.1669999999999996
0.8569999999999997
1.0410000000000004
0.9470000000000001
1.0680000000000005
0.8620000000000003
1.0899999999999992
0.8210000000000001
1.321000000000001
1.1349999999999998
0.9539999999999996
1.2570000000000003
1.1000000000000005
1.0959999999999996
0.8909999999999999
0.8989999999999995
1.0140000000000002
1.0339999999999998
0.883
0.9049999999999998
1.1600000000000004
1.3619999999999997
1.1769999999999998
0.8730000000000001
1.128
0.9280000000000003
0.8930000000000002
1.1369999999999998
0.9540000000000001
1.1639999999999988
0.8240000000000001
1.2150000000000005
1.0439999999999998
1.0069999999999997
0.8449999999999999
1.0389999999999997
1.133
0.7750000000000001
1.1909999999999998
0.9660000000000002
1.2070000000000003
0.9640000000000001
1.111
1.2359999999999995
0.9420000000000001
1.2200000000000002
0.9649999999999997
0.9350000000000006
1.0780000000000005
1.1650000000000003
1.3510000000000002
1.0009999999999994
1.41
1.096999999999999
1.0610000000000002
0.9159999999999999
0.995
1.1020000000000003
1.0269999999999992
0.9759999999999995
1.3600000000000012
1.016
1.1680000000000001
0.9199999999999997
1.2269999999999999
1.3669999999999995
0.8859999999999998
1.093
1.1269999999999998
1.2700000000000005
1.0659999999999998
1.0069999999999997
1.022
0.9500000000000002
1.2499999999999998
0.9139999999999996
1.049
1.1059999999999994
1.0070000000000001
0.7879999999999999
1.016
0.9909999999999997
1.2180000000000004
1.0009999999999997
0.9759999999999995
1.11
0.9919999999999998
0.9750000000000001
1.014
1.1059999999999999
1.222
1.1209999999999993
1.0089999999999997
1.028
1.139
1.1550000000000005
1.0250000000000004
0.813
0.976
0.9559999999999996
0.9249999999999998
1.1340000000000001
1.156
0.9669999999999996
1.5630000000000004
1.1269999999999996
1.1569999999999998
1.068
1.02
0.9810000000000001
0.8859999999999999
0.8329999999999995
0.9379999999999995
1.0669999999999997
0.9280000000000003
0.8589999999999999
0.8640000000000001
0.9239999999999995
0.9650000000000002
1.0590000000000002
0.8669999999999993
0.9169999999999999
0.8610000000000001
1.162
0.9909999999999993
1.127
1.256
0.8269999999999998
1.3629999999999995
1.1960000000000006
1.0789999999999997
1.1109999999999998
0.8750000000000001
1.104
0.96
1.121
0.6790000000000002
0.9170000000000001
1.0469999999999993
1.0439999999999998
1.0209999999999995
1.1159999999999999
0.8829999999999998
1.0789999999999997
0.9630000000000001
1.0499999999999992
1.4349999999999996
1.049
1.2659999999999996
0.9480000000000003
1.109
1.253
1.055
1.224
1.054
1.0369999999999997
1.1050000000000004
1.0750000000000002
1.0220000000000007
1.0139999999999996
0.6749999999999996
0.8239999999999997
1.18
1.0030000000000003
1.1269999999999996
1.047
1.1020000000000003
1.0300000000000002
1.362
0.8880000000000003
1.0250000000000001
0.9719999999999994
0.8639999999999998
1.1569999999999998
1.095
0.9149999999999998
1.1629999999999998
1.0260000000000005
0.873
1.1579999999999993
0.9729999999999996
1.0499999999999994
1.0869999999999997
0.7449999999999999
1.2049999999999994
0.9809999999999995
0.9469999999999997
1.1029999999999998
0.9510000000000002
1.0909999999999993
1.2610000000000006
1.0150000000000001
0.9360000000000006
1.1909999999999998
1.0859999999999996
0.8869999999999995
1.1779999999999995
1.1060000000000005
1.129
1.276
1.0159999999999998
1.0310000000000006
1.0940000000000003
0.9009999999999997
1.0619999999999998
0.9659999999999995
1.4310000000000003
1.5030000000000003
1.1229999999999998
0.8900000000000005
0.9760000000000002
0.9630000000000001
0.8709999999999997
1.061
0.9049999999999997
0.9789999999999999
1.1709999999999994
1.2250000000000003
1.1449999999999998
1.0790000000000002
0.935
1.0059999999999996
1.4039999999999997
1.3430000000000004
0.9190000000000002
1.374
0.9330000000000002
1.1949999999999996
0.9160000000000003
1.2670000000000003
1.188
1.24
1.1959999999999997
1.1580000000000004
1.2459999999999998
1.317999999999999
1.3090000000000004
1.3260000000000003
0.897
1.0400000000000005
1.1239999999999999
0.9630000000000006
1.1940000000000002
1.193
0.9709999999999995
1.2120000000000004
0.9290000000000002
1.3009999999999997
1.0429999999999997
1.3939999999999997
1.0720000000000005
1.1589999999999996
1.2080000000000009
1.0539999999999996
1.0699999999999996
0.9099999999999996
1.1609999999999998
1.2589999999999995
1.1409999999999991
1.391
1.256
1.153000000000001
1.364
1.2830000000000004
1.457
1.2289999999999994
1.0229999999999997
1.102
0.948
0.9329999999999989
1.4379999999999995
0.8610000000000003
1.0069999999999997
1.222
1.4170000000000005
0.8969999999999999
1.077
1.1769999999999998
1.291
0.9939999999999998
1.2139999999999995
1.0999999999999992
1.2579999999999993
1.4729999999999992
1.3919999999999997
1.2330000000000003
1.3910000000000002
1.0899999999999992
0.9780000000000006
1.2559999999999993
1.7159999999999993
0.8080000000000002
1.0520000000000005
1.4249999999999998
1.3069999999999995
1.146
1.193
1.342
1.045
1.0539999999999998
1.09
1.1910000000000005
1.266
1.4260000000000002
1.255
1.3070000000000004
1.5760000000000005
1.4529999999999996
1.1179999999999994
1.398
1.094
1.3450000000000002
1.1779999999999995
1.2549999999999994
1.5769999999999995
1.5729999999999997
1.358
1.822
1.0679999999999992
1.7109999999999985
1.324
1.1580000000000004
1.3030000000000002
1.742
1.3860000000000001
1.221
1.271
1.2089999999999994
1.5979999999999999
1.4939999999999998
0.9409999999999995
1.266
1.3300000000000003
1.2150000000000007
1.4919999999999993
1.7220000000000002
1.2970000000000008
1.604
1.3570000000000002
1.4210000000000005
1.4039999999999995
1.9759999999999998
1.4659999999999997
1.5679999999999996
1.5390000000000004
1.899
1.4229999999999996
1.6920000000000002
2.0780000000000003
1.7049999999999996
1.4289999999999994
2.1209999999999996
1.5119999999999998
2.116999999999999
1.8149999999999986
1.547
2.0359999999999996
1.7649999999999988
1.579
1.6489999999999996
2.0549999999999997
1.595
2.286
2.1789999999999994
2.162
2.134999999999999
1.4340000000000006
1.8819999999999992
1.922
1.594
1.4659999999999997
1.755
1.2900000000000005
1.714
2.055999999999999
1.5319999999999994
1.605000000000001
1.538000000000001
2.1330000000000005
1.5199999999999998
1.7250000000000003
1.4910000000000003
1.547
1.6180000000000003
1.3750000000000009
1.2510000000000006
1.661
1.5859999999999996
1.584
1.3990000000000002
2.1979999999999995
1.9300000000000004
1.9509999999999998
1.5089999999999986
1.6259999999999997
1.5950000000000002
1.348
1.618
1.8070000000000004
1.4429999999999998
1.735999999999999
1.5220000000000002
1.452
1.6889999999999994
1.6270000000000007
1.5819999999999999
1.5200000000000011
2.139
1.6359999999999997
1.692999999999999
1.786
1.7990000000000002
1.753
1.6629999999999998
1.6410000000000002
1.7519999999999996
1.5590000000000006
1.9039999999999997
1.4679999999999997
1.693
1.351999999999999
0.9920000000000003
1.6579999999999995
1.7040000000000006
1.3199999999999996
1.6400000000000003
1.6599999999999997
1.453
2.0560000000000014
1.8310000000000004
1.4479999999999995
1.5039999999999998
1.5709999999999993
1.9790000000000005
1.935999999999999
1.3640000000000003
1.6449999999999998
1.9650000000000007
1.7479999999999998
1.910000000000001
1.505
1.3419999999999994
1.4800000000000009
1.3719999999999999
1.2399999999999998
1.2810000000000008
1.7249999999999996
1.5509999999999988
1.6570000000000003
1.740999999999999
2.025
1.499
1.5050000000000003
1.457
1.6749999999999998
1.629
1.3909999999999993
1.4609999999999999
1.8299999999999996
1.8549999999999995
1.4009999999999994
1.7429999999999992
1.6330000000000005
1.3670000000000002
1.795000000000001
1.9319999999999988
1.5630000000000004
1.7619999999999998
1.6460000000000001
1.7970000000000002
1.3770000000000004
1.3009999999999993
1.4610000000000007
1.9539999999999995
1.4200000000000006
1.8460000000000003
1.9069999999999998
1.3730000000000002
1.8980000000000004
1.7180000000000004
1.791
1.4460000000000006
1.2519999999999998
1.2630000000000003
1.7679999999999996
2.1439999999999997
1.371
1.2910000000000006
1.6460000000000006
1.9550000000000005
1.6620000000000001
1.274
1.7090000000000003
2.111
1.859
1.6620000000000004
1.4439999999999997
1.3260000000000005
1.4679999999999995
1.2840000000000007
1.472
1.7149999999999996
1.524
1.647999999999999
1.8899999999999992
1.919
1.7670000000000008
1.8509999999999993
1.504
1.784
1.8929999999999998
2.167999999999999
1.9619999999999993
1.749999999999999
2.1169999999999987
1.9860000000000009
1.6909999999999998
1.5070000000000006
1.7720000000000014
2.0620000000000003
1.6570000000000007
2.4860000000000007
2.4050000000000007
1.7029999999999998
1.7810000000000008
1.597
1.670000000000001
1.7000000000000006
1.4040000000000001
1.8829999999999998
1.7079999999999995
1.731999999999999
1.8569999999999993
2.5949999999999993
1.572000000000001
1.6639999999999997
1.3680000000000003
2.1599999999999997
2.011
2.074
1.8270000000000002
1.6060000000000003
2.396
1.8689999999999998
1.6329999999999987
1.8930000000000007
2.123999999999999
1.703
1.9779999999999995
2.1489999999999996
1.7129999999999999
2.6270000000000016
1.4190000000000007
1.5169999999999997
1.5110000000000001
1.4510000000000003
1.4159999999999997
2.094
1.9660000000000004
1.7329999999999997
1.8429999999999995
2.049
1.9439999999999997
1.4870000000000008
1.7020000000000002
1.5660000000000014
2.153
1.9799999999999998
1.662000000000001
1.4290000000000003
1.842000000000001
1.9130000000000005
1.8089999999999995
1.8019999999999998
1.9990000000000006
1.8919999999999992
1.9869999999999992
1.328
1.9969999999999992
1.6379999999999995
2.0350000000000006
1.4180000000000004
1.3970000000000007
2.035000000000001
1.691999999999999
1.7550000000000012
1.7429999999999999
1.7000000000000002
1.5460000000000005
1.5689999999999997
1.528
1.256
2.1870000000000007
1.9160000000000001
2.116999999999999
1.798
1.7779999999999996
1.8449999999999995
1.4759999999999998
1.327
2.0170000000000003
1.203
1.7870000000000004
1.5249999999999995
1.648000000000001
1.645000000000001
1.845000000000001
1.6029999999999998
1.754
1.625
1.6709999999999996
2.011
1.7360000000000002
1.8339999999999992
1.5359999999999996
1.553
1.861
1.652
2.428
1.7389999999999992
1.8480000000000003
1.4710000000000003
1.7019999999999993
1.5330000000000006
1.689999999999999
2.322999999999999
1.92
1.4589999999999999
2.022999999999999
1.5039999999999996
1.842
1.908
1.5650000000000004
1.8359999999999994
1.9089999999999996
1.4280000000000004
1.6020000000000008
1.575
1.6880000000000006
1.594999999999999
1.756999999999999
1.7100000000000009
1.7750000000000004
1.9550000000000014
1.5850000000000006
1.656
2.2479999999999993
1.9970000000000006
1.7690000000000001
1.5420000000000003
2.0369999999999995
1.7810000000000015
1.6050000000000006
1.9530000000000003
2.1189999999999998
2.077
1.4580000000000004
1.5050000000000012
1.5560000000000018
1.6669999999999994
1.447
1.9069999999999998
1.7800000000000002
1.3849999999999998
2.0780000000000003
1.6499999999999986
1.9180000000000001
2.402
2.0410000000000004
2.0299999999999994
1.6119999999999997
2.2159999999999993
1.9249999999999998
1.9269999999999994
2.3689999999999993
1.9459999999999993
1.645
2.077
1.6059999999999999
1.7800000000000005
1.9630000000000012
1.8079999999999992
1.531
2.3410000000000006
2.0849999999999995
2.1099999999999994
1.9180000000000006
1.8820000000000001
2.016999999999999
1.4290000000000007
2.292999999999999
1.6669999999999998
1.2520000000000002
2.2300000000000004
1.7720000000000002
2.3139999999999996
2.043999999999999
1.5999999999999996
1.895
1.6880000000000004
2.08
1.7730000000000006
1.929999999999999
1.5290000000000004
1.9550000000000003
2.2529999999999992
1.66
1.8300000000000005
1.8970000000000007
1.525
1.8079999999999996
1.6580000000000004
1.601
1.4940000000000009
1.5410000000000006
1.7820000000000005
1.7059999999999986
1.891999999999999
1.6830000000000005
1.798
1.9589999999999999
2.1149999999999993
1.6310000000000004
2.3999999999999995
1.8869999999999996
2.3429999999999986
1.7219999999999986
1.3689999999999996
1.8390000000000004
1.6349999999999998
1.6369999999999998
1.7420000000000007
1.8290000000000006
1.568000000000001
1.6580000000000001
1.6710000000000005
2.1950000000000007
2.081
1.9310000000000003
1.234
1.7749999999999995
1.817
1.6230000000000002
1.8090000000000013
1.7299999999999998
1.571
1.896000000000001
1.807
1.6250000000000007
1.7860000000000005
2.2040000000000006
2.019999999999999
1.5319999999999991
1.0830000000000004
1.841999999999999
1.5169999999999997
1.5219999999999996
1.3580000000000014
1.6140000000000005
1.7240000000000004
1.3970000000000002
1.7009999999999998
1.781
1.528
1.8900000000000008
1.3600000000000014
1.4850000000000014
1.619
2.1640000000000006
1.4970000000000006
1.709
1.4530000000000007
1.8960000000000001
1.4450000000000003
1.891
1.9040000000000001
1.7759999999999996
1.8529999999999986
2.455000000000001
1.3380000000000003
1.7109999999999999
2.0410000000000004
1.661
1.7389999999999994
1.439000000000001
2.0799999999999996
1.6090000000000004
1.6
1.9779999999999986
2.074
1.9230000000000012
1.8479999999999996
1.7750000000000004
1.6529999999999998
2.0070000000000006
1.3920000000000001
1.6629999999999998
1.6680000000000006
1.4260000000000008
1.5310000000000006
1.9339999999999997
1.7330000000000003
1.8360000000000003
1.4540000000000004
1.4169999999999996
1.625
1.6300000000000003
2.1479999999999997
2.012
2.0069999999999992
1.5970000000000006
2.0159999999999996
1.8660000000000005
1.3299999999999996
1.8839999999999997
1.4739999999999998
1.755999999999999
1.463
1.6720000000000008
1.7379999999999989
1.3620000000000005
1.8209999999999993
1.5899999999999994
1.31
1.7709999999999995
1.8020000000000003
1.7189999999999994
1.4089999999999991
1.7389999999999994
1.7190000000000003
1.9100000000000008
1.9990000000000006
1.6799999999999995
1.584
1.5409999999999995
2.0850000000000004
2.4250000000000003
1.9409999999999994
1.624000000000001
1.5810000000000002
1.631
1.9150000000000003
1.7389999999999994
2.507999999999999
2.2830000000000013
1.3649999999999998
1.8079999999999998
1.6210000000000013
2.455000000000001
1.7400000000000002
2.426
2.1279999999999992
2.345
1.9460000000000008
1.8979999999999995
1.7340000000000007
2.2779999999999996
1.3350000000000002
2.17
1.7250000000000005
2.065999999999998
1.939999999999999
1.7650000000000003
1.6639999999999995
2.2149999999999994
1.8170000000000002
1.969000000000001
1.9229999999999992
1.827
2.0530000000000004
1.913
2.234
2.4079999999999995
2.1879999999999997
2.1550000000000002
2.1309999999999985
1.9870000000000008
1.9300000000000006
1.983000000000001
1.9259999999999997
1.7099999999999997
2.0610000000000004
2.419
2.4430000000000005
1.7060000000000008
2.190999999999998
1.9569999999999994
2.069
2.553000000000001
1.771000000000001
1.664999999999999
1.7179999999999997
2.017000000000001
2.3790000000000027
2.3749999999999996
1.6360000000000001
2.1430000000000002
1.936000000000001
1.815000000000001
2.1100000000000003
1.8770000000000002
1.9929999999999994
1.6320000000000006
2.2149999999999994
1.806999999999999
2.193000000000001
1.6859999999999993
2.2629999999999995
1.6149999999999998
2.389
2.021
1.7080000000000006
1.8350000000000006
2.484999999999999
1.8549999999999998
1.5659999999999998
1.6890000000000003
2.262999999999999
1.7039999999999988
2.1490000000000014
2.2380000000000004
2.1719999999999997
2.0159999999999996
1.6389999999999998
2.022000000000001
1.9070000000000005
1.6789999999999994
3.091
2.076000000000001
1.817
2.2249999999999996
2.183
2.6960000000000006
2.198000000000001
2.6930000000000005
2.5370000000000004
1.8659999999999999
1.984
2.272000000000001
1.786
1.9150000000000005
2.1590000000000003
2.119
2.3129999999999993
2.4770000000000003
2.4259999999999993
2.0810000000000013
2.884000000000001
2.4260000000000006
2.795
2.420999999999999
2.1079999999999997
2.215000000000001
2.171
2.583999999999999
2.9879999999999995
2.468000000000001
2.8210000000000006
2.941000000000001
2.8530000000000006
2.204
2.630000000000001
3.0530000000000026
2.792
2.4540000000000006
2.390000000000001
2.5040000000000004
2.572
1.858
2.699999999999999
2.431000000000001
3.3420000000000005
1.7020000000000002
2.01
2.516
2.3040000000000003
2.2910000000000004
2.827
3.202
2.747000000000001
2.907000000000001
2.970999999999999
2.565
2.509000000000001
3.279000000000002
2.8650000000000015
2.5709999999999997
2.9350000000000005
2.5850000000000017
2.555
2.6209999999999996
3.2170000000000023
3.228
3.039
2.869999999999999
2.9370000000000003
2.489000000000002
2.0860000000000003
2.3320000000000007
2.6649999999999996
2.6779999999999995
2.333000000000001
2.2549999999999994
2.6510000000000002
2.1590000000000003
1.7799999999999974
3.407000000000002
2.602
2.11
2.098
2.1500000000000004
1.9880000000000009
2.4970000000000003
2.5009999999999994
2.3350000000000017
2.3720000000000003
2.428000000000001
2.599
2.4120000000000013
2.149000000000001
2.7329999999999997
2.5940000000000007
2.0630000000000006
2.0589999999999997
1.8840000000000001
2.6610000000000014
2.150999999999999
2.92
3.6400000000000006
2.5750000000000006
2.878999999999999
2.3960000000000004
2.35
2.244999999999999
2.4450000000000003
2.4389999999999983
2.101000000000001
1.9379999999999997
1.7569999999999997
1.9569999999999996
1.6439999999999992
2.3190000000000013
2.697000000000001
1.4190000000000003
2.326000000000001
2.1109999999999998
2.3649999999999993
2.5189999999999997
2.0239999999999996
2.096
1.7739999999999996
1.9210000000000005
1.6909999999999998
2.0010000000000012
1.7670000000000008
2.197999999999999
1.7690000000000006
1.8200000000000003
2.252
1.4259999999999993
2.3080000000000007
1.9329999999999992
1.8770000000000004
2.0839999999999996
1.9
1.6839999999999995
1.849
1.8060000000000005
1.9209999999999987
2.173
1.7259999999999993
1.6200000000000003
1.7949999999999986
1.6789999999999998
1.8159999999999998
2.165000000000001
1.6170000000000002
1.829
1.4570000000000005
2.051
1.526
2.0210000000000012
1.6119999999999988
1.7480000000000009
1.9050000000000005
1.986999999999999
1.675
2.282000000000001
1.5869999999999993
1.7270000000000008
1.7209999999999994
2.309
1.8360000000000005
1.4929999999999994
2.0620000000000003
1.8869999999999998
1.7539999999999998
1.2229999999999999
2.1439999999999997
1.7790000000000001
1.6740000000000006
1.4300000000000004
2.6250000000000013
2.0760000000000014
1.5719999999999996
1.6169999999999993
1.7460000000000002
1.4039999999999997
1.1759999999999997
1.6580000000000004
1.738999999999999
1.3719999999999992
1.7539999999999991
1.2029999999999994
1.6079999999999997
1.2920000000000003
1.5829999999999995
1.0619999999999994
1.381
0.9579999999999999
1.6330000000000005
1.547
1.2339999999999995
1.151
1.0819999999999994
1.428999999999999
1.3019999999999998
1.6740000000000004
1.0189999999999997
1.284
1.431
1.348
1.4680000000000002
1.3889999999999998
1.2199999999999995
1.251
1.32
1.4229999999999996
1.0539999999999998
1.3769999999999998
0.9079999999999997
1.0960000000000003
1.2479999999999998
1.3889999999999996
1.1160000000000005
1.4579999999999997
1.0399999999999987
1.3179999999999998
1.0479999999999998
1.1549999999999994
1.0099999999999998
1.2919999999999998
1.0879999999999996
1.0699999999999996
1.242
1.082
0.9510000000000001
1.2749999999999997
0.7930000000000003
1.3350000000000002
0.9289999999999998
1.126
1.1640000000000001
1.0810000000000004
0.9099999999999996
1.0820000000000007
0.7549999999999997
1.0049999999999992
0.8779999999999997
0.8379999999999991
1.0539999999999998
1.0500000000000003
0.9619999999999997
1.3560000000000005
1.1729999999999996
1.0520000000000003
0.6999999999999996
1.1449999999999991
1.0520000000000007
0.9090000000000003
0.9470000000000008
1.3769999999999998
0.9640000000000001
1.1130000000000004
1.011
1.0029999999999994
1.196
0.8760000000000003
1.013
0.7849999999999997
1.2089999999999999
0.899
1.0539999999999994
0.9939999999999999
1.2069999999999999
1.4509999999999996
0.7709999999999999
1.0989999999999998
1.0520000000000007
1.2180000000000002
1.0400000000000003
1.1480000000000004
0.9730000000000003
1.084
1.13
0.998
0.9249999999999998
1.0719999999999998
1.0040000000000004
1.1330000000000002
1.09
1.2730000000000001
1.0009999999999997
1.01
1.0210000000000001
1.06
0.982
1.0019999999999996
1.255999999999999
1.1479999999999992
1.086
1.1630000000000003
1.1269999999999998
1.144
0.9979999999999998
0.9570000000000001
0.934999999999999
0.9260000000000003
1.0909999999999997
1.106
1.0549999999999997
1.0499999999999994
1.0559999999999996
0.9659999999999997
1.059
1.0649999999999997
1.0729999999999995
1.0999999999999999
1.2129999999999999
1.1370000000000002
0.9720000000000002
0.9960000000000001
1.1460000000000006
0.946
0.9219999999999999
0.8219999999999997
1.2409999999999994
1.1350000000000005
1.0299999999999998
1.0929999999999997
0.9939999999999993
1.1850000000000005
1.0440000000000003
1.078
0.9349999999999994
1.291
1.126
0.9849999999999995
0.9410000000000003
1.297
1.1049999999999995
1.1199999999999997
1.1230000000000002
1.04
0.9179999999999997
1.0470000000000008
1.1349999999999996
1.057
1.0190000000000006
0.8929999999999998
0.9160000000000004
0.9140000000000005
0.94
1.1989999999999983
1.0820000000000005
0.9079999999999999
1.168
1.1629999999999998
1.038
1.11
1.2480000000000002
1.1439999999999992
1.0879999999999996
1.228
1.0899999999999996
0.9620000000000004
1.019
1.1739999999999997
1.019000000000001
0.8849999999999999
1.1889999999999998
0.9010000000000001
0.7809999999999998
0.9379999999999994
1.2179999999999997
1.0849999999999995
1.0890000000000009
1.0359999999999996
0.9449999999999994
1.1580000000000008
1.2490000000000008
1.2219999999999998
0.9080000000000003
1.2189999999999992
0.8259999999999994
1.011
0.8919999999999999
1.2189999999999996
0.8150000000000004
1.087
1.3179999999999998
1.0540000000000003
0.9759999999999994
1.1139999999999997
1.0160000000000005
1.2020000000000004
1.0190000000000001
0.9219999999999996
1.0429999999999997
1.1369999999999998
1.1220000000000008
1.0009999999999997
0.9939999999999999
1.1400000000000006
1.0459999999999996
1.0520000000000005
1.1510000000000007
1.2010000000000005
0.7779999999999994
1.0290000000000004
1.189
1.0329999999999995
0.9759999999999998
1.0419999999999994
0.961
1.1119999999999997
0.9719999999999998
0.9949999999999997
1.2369999999999997
0.8859999999999997
0.9979999999999989
0.7859999999999999
1.146
0.968
1.1559999999999997
1.1299999999999997
1.2050000000000003
1.2240000000000004
1.1640000000000015
1.1699999999999993
0.9669999999999999
1.0269999999999995
0.9489999999999994
1.0450000000000008
1.1159999999999999
1.0189999999999997
1.1990000000000007
0.9629999999999996
1.0290000000000008
1.14
1.1470000000000002
1.3370000000000002
0.9429999999999997
1.124
0.915
1.2269999999999996
0.6879999999999995
0.8250000000000003
1.0650000000000004
0.8789999999999994
1.0759999999999994
1.0850000000000002
1.078
1.1259999999999994
1.217999999999999
1.0710000000000004
1.0959999999999999
1.0269999999999997
1.166
1.1210000000000002
1.1370000000000002
0.9660000000000002
1.1739999999999997
1.3690000000000009
1.2359999999999995
0.9619999999999996
0.9609999999999999
0.8270000000000002
1.076999999999999
1.2489999999999994
1.0339999999999996
0.955
1.1439999999999997
1.3560000000000005
1.1739999999999993
1.0519999999999998
0.8159999999999998
1.388
1.171
1.2730000000000004
0.93
0.8420000000000006
1.116999999999999
0.9839999999999999
0.9959999999999997
0.9969999999999998
0.8619999999999999
1.082
1.0890000000000002
0.9390000000000001
1.0489999999999993
0.8190000000000002
0.923999999999999
1.1869999999999998
1.2500000000000007
0.8189999999999996
1.3149999999999995
1.0730000000000002
0.8229999999999998
1.224
0.9419999999999998
1.0999999999999996
0.7849999999999998
1.0439999999999994
0.8999999999999999
0.8420000000000001
1.2959999999999996
0.8310000000000001
1.0260000000000002
0.9639999999999997
0.9049999999999995
0.93
0.7539999999999997
0.9059999999999995
0.9939999999999998
0.9880000000000002
0.839
1.2399999999999998
1.162000000000001
1.0389999999999997
0.9520000000000001
0.9930000000000001
0.8779999999999997
0.8219999999999998
0.997
1.2070000000000005
1.0820000000000005
0.9160000000000005
1.0630000000000002
1.093
0.9139999999999999
1.0959999999999992
1.0929999999999997
0.9539999999999991
1.2330000000000003
0.971
1.1179999999999994
1.3119999999999994
0.8449999999999995
1.0489999999999993
1.1070000000000002
0.9739999999999996
0.7819999999999995
0.9689999999999996
0.855
1.1419999999999995
1.1570000000000003
1.2150000000000007
0.9430000000000001
0.9330000000000003
1.27
0.9759999999999994
0.9179999999999993
0.938
1.0750000000000002
1.075
0.8309999999999992
0.8220000000000002
0.9780000000000004
1.0700000000000005
0.8519999999999996
1.0189999999999997
1.1640000000000004
1.1349999999999996
1.0410000000000001
1.1189999999999996
1.157
1.2770000000000001
0.804
0.8089999999999997
1.0490000000000002
1.133
1.0739999999999998
1.6820000000000002
1.3489999999999995
1.3309999999999993
1.2040000000000004
1.214
1.1519999999999997
0.926
1.3750000000000007
1.0339999999999998
1.1979999999999997
0.9019999999999996
1.2129999999999996
1.0819999999999987
1.205
1.3449999999999998
1.133
0.9639999999999995
0.8630000000000002
1.507
1.039
1.208
1.1350000000000011
1.1569999999999996
1.2959999999999992
0.9449999999999996
0.7680000000000007
0.911
0.893
0.9109999999999995
0.9150000000000001
1.0019999999999996
0.98
0.757
1.025
1.2420000000000002
0.791
1.1560000000000001
1.1550000000000002
0.804
1.4040000000000001
0.8879999999999997
0.9199999999999995
0.9920000000000003
1.2470000000000003
1.3560000000000008
1.0729999999999997
1.1690000000000005
0.9479999999999998
0.9149999999999998
1.0550000000000002
1.0729999999999997
0.9840000000000001
0.9689999999999995
1.082
1.0509999999999995
0.8459999999999992
1.1210000000000004
1.2640000000000002
0.9579999999999994
0.9379999999999993
1.0339999999999998
1.0670000000000004
0.9560000000000002
1.1740000000000004
1.2480000000000009
0.9870000000000004
0.742
1.1909999999999998
1.008
0.9980000000000004
0.9750000000000003
1.1139999999999999
1.3179999999999992
1.033
0.81
0.938
1.1010000000000004
1.2039999999999995
0.9539999999999997
0.9979999999999996
1.301
1.0690000000000002
0.9679999999999999
1.117
1.0089999999999997
0.872
0.9220000000000002
1.163
1.1179999999999994
1.3320000000000005
1.1870000000000005
0.8879999999999996
1.2529999999999994
0.9620000000000001
0.7890000000000001
1.056
1.217
0.9219999999999999
0.8949999999999996
0.9580000000000003
0.9259999999999999
1.1019999999999994
1.1559999999999997
0.9140000000000001
1.0040000000000002
1.2910000000000013
1.0550000000000004
1.064999999999999
1.096
0.9169999999999997
0.9610000000000001
1.1370000000000007
1.0910000000000002
1.1480000000000001
0.8429999999999996
0.8299999999999996
1.4119999999999997
0.858
1.1440000000000012
0.9650000000000005
1.1079999999999999
1.0290000000000001
0.85
1.0520000000000003
1.2419999999999995
1.1409999999999996
1.1409999999999996
1.0099999999999998
0.9769999999999999
1.3370000000000002
0.993
0.8370000000000001
1.075
1.1610000000000003
1.234999999999999
1.0809999999999997
1.1740000000000002
1.1870000000000003
0.8420000000000003
1.0869999999999997
1.3209999999999988
1.1949999999999998
1.3790000000000007
1.2559999999999996
1.1269999999999998
1.084999999999999
1.1929999999999994
0.8119999999999998
1.0789999999999997
1.419
1.0539999999999998
1.1019999999999996
1.3510000000000002
1.2079999999999997
1.0559999999999998
1.1349999999999993
1.1269999999999998
1.1899999999999995
1.2949999999999995
1.1749999999999998
0.9720000000000008
1.1820000000000004
1.1999999999999993
1.1220000000000003
1.03
1.0899999999999996
1.1189999999999998
0.847
1.2600000000000005
1.2439999999999996
1.3959999999999995
1.3249999999999995
1.166
0.9590000000000001
1.358
0.8540000000000002
1.1119999999999994
1.3060000000000003
0.9960000000000001
1.0749999999999995
1.2359999999999993
1.293
1.1369999999999996
0.8229999999999998
1.1029999999999995
0.951
1.0039999999999996
1.0219999999999994
0.9749999999999998
1.0890000000000002
1.24
0.9600000000000004
1.3219999999999998
1.0759999999999992
1.2109999999999996
0.9430000000000003
0.9280000000000004
1.381000000000001
1.5769999999999993
1.1809999999999996
1.0750000000000006
1.023
0.941000000000001
1.2549999999999992
1.0330000000000004
1.0519999999999996
1.0389999999999997
1.094
1.0750000000000002
1.2160000000000002
1.105
1.0779999999999996
1.3649999999999998
0.8559999999999997
1.3159999999999994
1.0419999999999998
1.1979999999999997
1.128
1.1100000000000003
1.0179999999999998
0.965
0.7959999999999995
1.1640000000000001
1.001
1.2769999999999992
1.3959999999999995
1.2360000000000002
0.9359999999999998
1.092
1.1549999999999996
1.2869999999999997
1.0509999999999997
1.0950000000000006
1.235999999999999
1.0719999999999994
1.305
1.148
0.9099999999999997
0.8349999999999997
1.1669999999999998
1.1609999999999991
1.1919999999999993
1.115
1.0629999999999995
0.824
1.31
1.3380000000000003
0.9279999999999999
1.1159999999999994
0.825
0.9449999999999994
1.0410000000000001
1.0169999999999997
1.0819999999999994
1.1459999999999997
0.8339999999999993
1.1020000000000003
1.3639999999999999
1.147
1.2129999999999996
0.9690000000000002
0.8870000000000001
0.9649999999999999
0.9669999999999994
1.2289999999999996
1.0270000000000001
0.9550000000000002
0.9789999999999998
0.9759999999999998
1.0509999999999997
1.11
0.7919999999999999
1.219999999999999
0.9120000000000001
1.0860000000000007
1.1280000000000003
1.0299999999999998
1.0550000000000008
1.086999999999999
1.023
0.8900000000000001
1.2830000000000001
1.0139999999999998
1.074
1.0629999999999997
0.7840000000000004
0.94
0.9320000000000003
1.015
1.0599999999999998
0.8629999999999997
0.898
1.008
0.8939999999999995
1.0709999999999995
0.985
1.037
1.0069999999999997
1.3520000000000008
1.2480000000000002
1.1109999999999998
0.927
1.0390000000000006
1.144999999999999
0.9420000000000003
1.082
1.0250000000000004
1.0849999999999995
0.8490000000000002
0.9259999999999998
0.9949999999999999
1.0100000000000002
1.0909999999999997
0.8030000000000004
1.0949999999999998
1.061
1.0570000000000004
0.9729999999999995
0.9670000000000007
1.0349999999999995
0.9960000000000001
1.104999999999999
1.0620000000000003
1.0410000000000001
1.2419999999999995
1.0729999999999993
1.1459999999999995
1.032
1.273
1.158
0.9960000000000001
1.0610000000000002
1.0459999999999996
0.9780000000000004
1.0989999999999995
0.8860000000000001
1.1630000000000005
1.2189999999999996
1.056
1.07
1.0399999999999991
0.997
1.0770000000000004
0.9949999999999991
0.8710000000000001
1.0440000000000005
1.1059999999999999
0.9199999999999996
0.9730000000000001
0.9170000000000007
1.0110000000000001
1.2749999999999995
1.0039999999999993
1.0619999999999994
0.9910000000000003
1.088
1.0919999999999994
0.698
0.9879999999999999
0.9350000000000004
0.8740000000000002
1.0349999999999993
1.1429999999999998
1.2299999999999995
0.9109999999999997
1.0669999999999997
0.9709999999999998
1.0719999999999996
0.9789999999999999
0.9569999999999996
1.1459999999999997
0.9370000000000002
1.0360000000000005
1.0410000000000004
1.3309999999999997
1.244
1.1950000000000005
1.2519999999999991
1.0090000000000001
1.2189999999999999
0.9949999999999999
1.096
1.2240000000000004
1.0769999999999995
0.956
1.046
1.099
1.1220000000000006
1.029
0.8009999999999993
0.9280000000000003
0.9189999999999998
1.0900000000000003
0.9809999999999995
1.4809999999999999
0.9579999999999999
1.26
1.12
1.0629999999999997
1.112
1.349000000000001
1.254
0.6720000000000003
0.8430000000000001
0.9430000000000001
1.0980000000000005
0.907
1.2410000000000005
1.22
1.0919999999999999
1.2539999999999996
1.1059999999999997
1.0079999999999993
1.0179999999999998
0.8619999999999997
1.1370000000000005
0.9010000000000002
0.9159999999999995
1.1789999999999996
1.0739999999999994
1.0150000000000001
1.0480000000000003
0.9310000000000003
0.8569999999999997
0.9250000000000008
0.807
1.0410000000000004
0.9920000000000003
1.0930000000000002
0.8169999999999995
1.0550000000000004
1.1090000000000002
1.087
1.0290000000000001
0.8920000000000001
1.0689999999999997
0.9000000000000001
1.0949999999999993
1.175
1.194
1.309999999999999
0.9880000000000001
1.1179999999999999
1.1359999999999995
1.006
1.109999999999999
1.1470000000000002
0.9419999999999992
0.8380000000000005
1.0270000000000001
1.047
1.1829999999999998
1.2339999999999995
0.9099999999999998
1.1129999999999993
0.8800000000000003
0.9909999999999995
1.1039999999999996
1.0759999999999994
1.0679999999999998
1.1620000000000008
1.0819999999999987
0.9990000000000002
1.2739999999999996
0.9799999999999999
1.1749999999999998
0.9399999999999997
1.0229999999999995
0.8989999999999996
1.0330000000000004
1.038000000000001
1.1330000000000002
0.9670000000000002
1.2719999999999998
1.0969999999999998
1.0919999999999999
1.1539999999999992
1.075
0.9749999999999995
1.0479999999999998
1.1269999999999998
0.8309999999999998
0.8739999999999999
1.3189999999999988
0.7919999999999997
1.0339999999999998
1.082
0.899
0.9179999999999994
0.9209999999999994
1.111
1.157
0.9980000000000001
0.939
0.931
0.9729999999999989
1.212
1.101
1.1109999999999998
0.882
0.7900000000000005
0.9370000000000003
0.8629999999999999
1.2360000000000004
1.1719999999999997
1.1479999999999997
1.0250000000000001
1.3380000000000003
1.0230000000000004
1.3039999999999992
1.1519999999999997
1.0130000000000001
0.8870000000000001
1.098
1.097
0.9379999999999998
0.8799999999999997
0.9189999999999998
0.848
1.3340000000000003
1.0019999999999998
1.136
1.064
0.6880000000000003
1.305
1.0379999999999994
1.1860000000000002
0.9979999999999992
1.1880000000000006
1.2569999999999997
1.283
0.8939999999999998
0.843
0.9860000000000003
1.1319999999999997
1.1510000000000005
0.9009999999999994
0.964
0.8980000000000002
0.9989999999999999
1.0170000000000001
1.3210000000000002
1.2990000000000004
1.0840000000000003
1.2180000000000002
0.9729999999999999
0.8490000000000006
1.15
1.087000000000001
1.1239999999999997
1.0530000000000004
0.9029999999999997
1.0460000000000003
0.9810000000000003
1.1449999999999998
0.9919999999999994
0.9400000000000003
1.1190000000000002
0.9710000000000001
0.8889999999999993
0.9130000000000001
1.0509999999999997
1.1109999999999995
0.7689999999999998
0.8809999999999998
1.1200000000000003
1.084
0.9809999999999994
1.0839999999999994
1.0559999999999996
0.8310000000000001
0.9449999999999997
1.2179999999999997
1.2860000000000007
0.9890000000000001
1.4079999999999995
1.0579999999999998
1.1649999999999998
1.062
0.9989999999999998
1.06
1.095
1.0249999999999995
1.2230000000000005
1.0030000000000001
1.33
0.8569999999999999
1.3799999999999992
1.0500000000000003
0.8800000000000003
0.9630000000000001
1.1539999999999997
1.1500000000000004
1.1159999999999999
0.8099999999999997
1.2420000000000002
0.9659999999999997
1.4539999999999997
0.7799999999999996
1.2330000000000008
1.301
1.3519999999999999
1.1250000000000004
0.8269999999999996
1.4200000000000004
1.3169999999999995
1.1849999999999998
1.3309999999999997
0.8559999999999995
1.1650000000000003
1.2009999999999994
1.2100000000000004
1.1950000000000007
0.9830000000000002
1.0949999999999998
1.0120000000000002
1.1530000000000002
1.229
1.202
1.001
0.938
1.1
0.9449999999999996
0.9859999999999995
1.0200000000000002
1.2570000000000006
0.9619999999999994
1.0339999999999998
0.91
1.037
1.0690000000000006
1.3500000000000005
0.9480000000000003
1.2290000000000003
1.1960000000000004
1.2150000000000005
1.365
1.1080000000000003
0.9280000000000005
1.035
1.254
1.1010000000000002
1.0590000000000004
1.1540000000000001
1.1070000000000004
1.0590000000000002
1.2109999999999996
1.0200000000000002
1.173
1.1459999999999995
0.9930000000000002
0.89
1.104
0.9960000000000002
1.6400000000000003
1.0620000000000003
0.9130000000000001
1.0539999999999994
0.8990000000000005
1.1869999999999998
1.023
1.4819999999999995
0.9689999999999993
1.2219999999999998
1.0230000000000004
0.9370000000000003
0.9960000000000002
1.0200000000000002
0.922
1.106
1.1639999999999997
1.2360000000000004
1.048
0.9339999999999999
1.138
1.212
1.154
1.0959999999999992
1.0870000000000004
1.0000000000000002
1.1300000000000003
1.0099999999999996
0.9839999999999997
0.9819999999999999
1.285
0.972
1.003
1.035
0.8399999999999999
1.2280000000000004
1.082
1.0849999999999995
1.1460000000000001
1.1139999999999999
1.2099999999999995
1.1299999999999997
1.218
1.0250000000000001
1.1089999999999993
1.268999999999999
1.3119999999999998
1.085
1.0789999999999997
1.0000000000000007
0.9729999999999999
1.0310000000000006
0.8769999999999999
1.1329999999999996
0.8799999999999999
0.9109999999999998
1.1420000000000001
1.2380000000000004
1.1640000000000004
0.932
0.9000000000000001
1.1049999999999995
1.2519999999999998
1.3479999999999996
1.3490000000000006
0.929
1.1449999999999998
0.945
1.131
1.2599999999999998
1.0310000000000001
0.8499999999999999
1.0090000000000001
1.234
1.1090000000000007
0.9050000000000002
1.2839999999999998
1.244
1.4780000000000004
0.7639999999999999
1.147
1.2980000000000005
0.9410000000000003
1.025
0.9789999999999996
1.1669999999999998
1.1090000000000002
1.271
1.331
1.044
1.235
0.938
1.0120000000000002
1.0610000000000006
1.2830000000000006
1.0159999999999998
1.14
1.079
0.8479999999999993
0.9660000000000002
0.955
1.171000000000001
0.9179999999999998
0.9340000000000002
1.1680000000000001
0.9719999999999998
0.9850000000000003
1.0420000000000003
1.1540000000000001
1.0260000000000005
1.0399999999999998
0.8940000000000002
0.9759999999999996
1.2910000000000001
1.196
0.9899999999999999
1.1289999999999991
1.0400000000000005
1.3489999999999995
0.9389999999999997
1.1739999999999997
0.8980000000000001
0.9010000000000002
1.0830000000000002
1.2009999999999998
1.0540000000000003
1.3140000000000003
1.2489999999999999
0.8690000000000001
1.1230000000000002
1.0489999999999997
0.8280000000000008
0.9819999999999993
0.7550000000000003
1.1169999999999998
0.8790000000000002
1.0690000000000002
1.0819999999999996
0.9770000000000003
1.1719999999999995
0.9820000000000003
0.7679999999999998
1.3289999999999995
1.1189999999999996
1.0620000000000003
1.1960000000000002
1.08
1.286
0.8370000000000004
1.158
1.068
1.3020000000000005
1.0359999999999998
1.196
1.1820000000000002
1.0220000000000002
1.2329999999999999
1.2100000000000002
1.0339999999999998
1.062000000000001
0.9629999999999995
1.3159999999999998
1.049
1.0919999999999996
0.9650000000000002
1.078
1.2639999999999996
0.9840000000000003
1.2499999999999998
1.1460000000000004
1.1950000000000003
0.9300000000000006
1.3659999999999999
0.9899999999999999
0.9240000000000002
0.9620000000000001
0.8430000000000004
0.9159999999999999
0.9770000000000003
0.9890000000000002
1.0510000000000002
0.9710000000000002
0.8830000000000001
1.0800000000000005
0.8740000000000003
0.9379999999999997
1.0049999999999994
1.1670000000000003
0.9900000000000004
1.2800000000000005
1.064
0.978
0.9830000000000002
0.9460000000000001
0.9049999999999998
0.9369999999999997
1.1149999999999998
0.9470000000000001
0.8
1.182
1.03
0.9209999999999999
1.2379999999999998
1.1329999999999998
0.8149999999999994
0.957999999999999
1.1359999999999997
0.9220000000000002
0.9910000000000002
0.9799999999999999
0.8860000000000006
0.9249999999999998
1.0270000000000001
0.9749999999999995
1.0429999999999995
1.0550000000000004
1.019
1.035
1.035999999999999
0.9159999999999999
1.2049999999999996
0.9360000000000004
0.9789999999999998
0.8989999999999999
1.0479999999999994
1.3440000000000003
1.2140000000000004
0.9649999999999995
0.9809999999999997
0.853
1.0080000000000002
1.089999999999999
0.8579999999999999
0.9250000000000003
0.958
1.2410000000000003
1.36
1.1940000000000002
0.9500000000000002
0.9699999999999994
1.1559999999999997
0.9539999999999997
0.8749999999999996
0.8380000000000001
1.0279999999999991
0.8320000000000002
0.9419999999999996
1.2979999999999998
1.0090000000000003
1.1129999999999995
0.9499999999999998
1.0110000000000006
1.0289999999999992
1.1150000000000002
0.9739999999999995
1.2149999999999996
1.1650000000000003
1.0589999999999997
1.009999999999999
0.9439999999999996
1.0059999999999991
0.9140000000000004
0.9379999999999993
1.0449999999999995
0.9549999999999997
0.9859999999999998
0.911
1.126
1.0560000000000003
1.1600000000000001
0.8649999999999998
0.941
0.9009999999999999
0.9420000000000002
1.2149999999999999
0.8819999999999999
0.795
1.2590000000000001
1.1079999999999999
1.139
0.9340000000000009
0.8859999999999997
0.9839999999999998
0.9760000000000001
1.1769999999999994
1.045999999999999
0.9179999999999996
0.8210000000000002
0.819
0.8870000000000005
1.2389999999999999
0.8079999999999999
1.08
0.8750000000000003
1.0509999999999997
0.9700000000000002
0.9699999999999998
1.2329999999999999
0.995
1.1419999999999995
1.1890000000000003
0.9179999999999999
1.0600000000000003
0.845
0.9810000000000001
1.1990000000000003
1.1379999999999997
1.1939999999999997
1.1170000000000004
0.9380000000000004
1.0219999999999996
1.1900000000000002
0.9049999999999998
0.9209999999999995
0.9799999999999993
0.977
1.4709999999999996
1.121
0.9580000000000004
1.001
0.9
1.0699999999999996
1.193
0.8779999999999997
1.138
1.002
1.0730000000000002
0.9639999999999997
0.9879999999999997
0.9609999999999996
0.8740000000000001
0.9429999999999998
1.0100000000000002
1.1470000000000002
0.8450000000000005
0.7769999999999996
0.8249999999999996
1.0659999999999996
0.8400000000000003
1.272
1.0949999999999998
0.9940000000000004
0.875
1.3090000000000006
0.9919999999999998
1.0599999999999996
0.8869999999999999
1.1860000000000002
1.0340000000000003
0.8370000000000001
0.8269999999999996
0.9450000000000003
1.1900000000000004
1.1539999999999997
0.9739999999999999
0.8740000000000004
1.0190000000000001
0.8649999999999995
1.0519999999999998
1.2329999999999997
1.014
0.9219999999999999
1.0599999999999996
1.1449999999999998
0.8089999999999999
0.909
1.0059999999999993
1.192
1.2759999999999996
0.9809999999999994
1.2249999999999996
1.2000000000000002
1.3020000000000003
1.1769999999999998
1.143000000000001
1.1600000000000001
1.0439999999999998
0.9689999999999998
0.9570000000000001
1.043
1.0200000000000002
0.9479999999999994
1.1019999999999996
1.2400000000000007
1.3849999999999991
1.0609999999999997
1.0669999999999997
0.8330000000000001
1.0950000000000002
1.006
0.924
1.1940000000000004
0.8170000000000005
0.8229999999999998
1.29
1.1390000000000005
1.1
1.1840000000000002
1.195
0.8990000000000004
1.3120000000000007
1.0489999999999997
1.2499999999999998
1.1100000000000003
1.1450000000000002
1.4180000000000006
1.2010000000000003
1.3949999999999998
1.0639999999999998
0.772
1.2540000000000002
0.835
0.9510000000000002
1.4029999999999996
1.3730000000000007
1.1539999999999997
1.1150000000000002
1.1089999999999995
0.9800000000000003
0.9349999999999996
1.2009999999999998
1.1880000000000002
1.1750000000000005
1.242
0.8609999999999998
1.1189999999999998
1.3890000000000007
1.1869999999999998
1.1460000000000001
1.1000000000000005
1.1680000000000008
1.1719999999999997
1.211
1.2639999999999993
1.3679999999999999
1.2190000000000005
1.0239999999999998
1.234
1.1669999999999998
0.8830000000000001
0.927
1.1909999999999994
1.2069999999999996
0.927
0.9560000000000005
1.129
0.9310000000000003
1.0239999999999998
0.9209999999999997
0.9699999999999993
1.1819999999999997
1.026
1.0280000000000002
1.2960000000000003
0.931
0.9419999999999997
0.9179999999999999
1.249
1.12
1.131000000000001
1.21
1.138
0.7110000000000001
1.075
1.4500000000000002
1.1610000000000003
1.251
1.0210000000000001
1.2549999999999997
0.8799999999999997
1.0570000000000008
0.878
1.0920000000000003
1.1550000000000007
0.9680000000000003
1.0069999999999997
0.9979999999999997
1.0850000000000006
1.3869999999999993
0.9870000000000003
1.0550000000000002
0.9120000000000001
1.0730000000000002
1.202
0.9439999999999996
1.1730000000000005
1.3099999999999996
1.359
1.207
0.9969999999999998
1.1060000000000005
0.8850000000000001
1.1280000000000003
1.4010000000000002
1.3489999999999998
1.1860000000000004
1.2459999999999998
1.0989999999999993
1.221
1.1480000000000006
1.287
1.1479999999999995
1.1300000000000003
1.1499999999999997
1.3180000000000005
1.015
1.476000000000001
0.9460000000000006
0.9459999999999998
1.1019999999999994
0.986
0.9409999999999996
1.2779999999999998
1.1219999999999999
1.2740000000000002
1.082
0.9650000000000003
1.2040000000000002
1.213
0.9119999999999999
1.2420000000000002
0.8800000000000004
0.9670000000000002
1.174
1.221
0.8500000000000003
1.342
0.9990000000000003
1.1559999999999995
0.9410000000000001
1.0099999999999993
1.1440000000000006
1.2399999999999998
1.062
1.2189999999999999
1.0159999999999996
1.1420000000000003
1.1720000000000004
1.197
1.1889999999999998
0.9170000000000001
1.1940000000000004
1.201
1.097
1.4159999999999995
1.145
1.1130000000000002
0.9030000000000006
1.1480000000000008
1.045
1.064
1.3400000000000003
1.104
1.1459999999999997
1.0610000000000002
1.367
1.1859999999999997
1.0759999999999998
1.1390000000000002
0.905
1.2239999999999995
1.2989999999999995
0.904
1.3739999999999994
1.287000000000001
1.0740000000000003
1.2209999999999999
1.3269999999999995
1.0220000000000007
0.778
1.0210000000000008
1.0459999999999994
1.0670000000000004
1.1000000000000008
1.1410000000000005
1.212
1.0620000000000005
1.0570000000000002
1.3730000000000004
1.062
1.1240000000000008
0.998
1.0100000000000005
0.9950000000000001
1.2189999999999999
1.2270000000000005
1.0910000000000002
1.1390000000000007
1.4779999999999995
0.9980000000000004
1.0309999999999997
1.1900000000000006
1.076
1.2
1.0280000000000002
1.0200000000000002
1.3480000000000003
1.1500000000000008
1.0440000000000003
1.1489999999999996
1.428
1.1200000000000003
0.9919999999999992
0.9680000000000001
1.1020000000000005
1.158
1.1790000000000003
1.0730000000000002
0.9800000000000003
0.9049999999999995
1.102
1.301000000000001
1.1680000000000004
1.1809999999999996
0.8679999999999997
1.112
0.9340000000000004
1.1019999999999999
1.0400000000000005
1.158
0.9799999999999994
0.895
0.9119999999999999
1.1859999999999997
1.1129999999999998
1.1349999999999998
1.4840000000000004
1.1809999999999998
0.9800000000000003
0.8169999999999998
1.0190000000000006
1.018
1.295
1.2670000000000001
1.1760000000000006
1.0970000000000002
1.1359999999999995
1.2149999999999999
1.1819999999999995
1.3359999999999996
1.351
0.9230000000000007
0.8330000000000001
0.9829999999999994
1.055
1.1889999999999998
1.0430000000000001
1.1110000000000004
0.9330000000000002
0.9839999999999997
1.202
0.9670000000000001
0.7840000000000009
1.094
1.237
1.0070000000000006
0.9739999999999999
1.1530000000000005
1.300000000000001
1.0020000000000002
1.21
1.131
1.198
1.0699999999999998
1.109
1.0419999999999998
1.0300000000000002
1.1600000000000001
1.0560000000000005
1.197999999999999
1.005
1.4500000000000002
1.1850000000000005
1.0900000000000005
1.1909999999999996
1.148
0.9239999999999999
1.0430000000000004
1.228
1.0979999999999999
0.8699999999999999
1.1279999999999994
1.181
1.290999999999999
0.9619999999999997
1.0359999999999998
1.1729999999999998
1.3019999999999998
0.9539999999999993
0.9569999999999994
1.0279999999999996
1.173
1.3699999999999997
0.8619999999999999
1.1839999999999993
1.1270000000000004
0.9489999999999996
1.069
1.1950000000000003
1.002
1.2400000000000002
1.3039999999999994
1.053
1.1790000000000005
0.9860000000000002
1.1700000000000004
0.9979999999999998
1.1830000000000003
1.2539999999999996
0.9760000000000001
1.256000000000001
1.101
1.248
0.9880000000000005
1.1750000000000005
1.2120000000000004
0.9300000000000002
1.156
1.1570000000000007
1.0920000000000003
1.2149999999999999
1.044000000000001
1.0769999999999997
1.0930000000000009
1.3100000000000003
1.3120000000000007
1.284
1.164000000000001
1.0220000000000002
1.2679999999999998
0.9449999999999997
1.0219999999999994
1.1840000000000004
1.0080000000000007
1.1300000000000003
1.2189999999999992
1.1469999999999996
1.3270000000000015
0.9839999999999999
1.0299999999999996
1.1750000000000005
1.0500000000000003
1.4169999999999987
1.4139999999999995
1.147
0.9980000000000002
1.1769999999999994
1.1059999999999999
1.1030000000000006
1.0660000000000005
1.3029999999999995
1.0870000000000006
1.1360000000000001
1.0110000000000006
1.0559999999999998
1.3099999999999994
1.0130000000000001
0.9490000000000001
1.217
1.2190000000000005
1.0630000000000006
1.1550000000000005
0.9310000000000004
1.0990000000000004
0.9659999999999996
0.8519999999999999
1.131000000000001
1.2870000000000001
1.2570000000000006
1.2890000000000001
1.1860000000000006
0.945
0.9619999999999997
1.149
1.1049999999999998
1.0160000000000005
0.9710000000000001
0.9130000000000001
0.8970000000000004
1.5349999999999997
1.0910000000000002
1.1349999999999998
1.0889999999999995
1.3110000000000002
1.0999999999999999
1.0170000000000001
1.0679999999999998
1.1339999999999997
1.038000000000001
1.246
1.1920000000000002
1.1810000000000003
1.1550000000000002
1.0559999999999998
1.2109999999999999
1.0510000000000002
0.964
1.104
0.9190000000000006
1.1720000000000004
1.03
1.2919999999999996
0.9649999999999999
1.148
0.8649999999999994
1.1229999999999998
0.875
1.1289999999999996
1.1350000000000002
1.114
1.1170000000000007
1.1309999999999996
0.9720000000000003
1.1969999999999998
1.3389999999999997
0.8070000000000002
1.222
0.9939999999999999
1.155
1.0000000000000004
1.1690000000000003
1.133000000000001
0.8460000000000004
1.284
0.992
1.1610000000000003
1.0100000000000002
1.0069999999999997
0.8479999999999996
1.1289999999999993
1.1520000000000006
1.1079999999999994
0.9920000000000002
1.297
0.9709999999999995
1.1079999999999999
1.1280000000000001
0.996
1.0410000000000001
1.0340000000000005
1.1010000000000004
1.2429999999999999
0.8920000000000001
1.3709999999999996
1.1460000000000001
1.0640000000000003
0.9880000000000005
0.8549999999999998
1.3309999999999997
0.9050000000000006
1.0710000000000002
1.374
0.9850000000000001
1.0100000000000005
0.8059999999999999
0.9680000000000003
1.1050000000000004
1.0960000000000005
1.4480000000000002
1.1019999999999996
1.055
0.8910000000000002
1.0270000000000008
1.085
1.1630000000000005
0.8870000000000001
0.9869999999999999
1.1369999999999996
1.0930000000000002
1.0190000000000001
1.0870000000000006
1.0610000000000006
1.1129999999999998
1.1160000000000003
1.2590000000000003
0.8159999999999996
1.0620000000000003
1.0250000000000006
1.4349999999999996
1.1519999999999997
1.1930000000000003
1.1329999999999998
1.0349999999999997
1.1680000000000004
1.222
1.2159999999999993
1.0670000000000004
0.892
1.248
0.9909999999999998
1.2339999999999998
1.1890000000000003
0.958
1.0770000000000004
1.0679999999999996
1.21
0.9369999999999997
0.9870000000000003
1.1690000000000005
1.04
1.1620000000000004
1.1480000000000006
0.9879999999999999
0.9879999999999994
0.9879999999999995
1.2990000000000002
1.067
0.8330000000000001
0.9619999999999992
0.8950000000000001
1.043
1.0120000000000002
0.7550000000000003
0.8099999999999997
1.0010000000000003
0.9059999999999997
0.946
0.7879999999999999
1.175999999999999
1.1030000000000002
0.9060000000000001
0.7689999999999998
1.2790000000000001
0.86
1.063
1.0870000000000002
1.1559999999999995
1.0819999999999994
0.9399999999999997
0.9660000000000001
1.0290000000000004
0.9749999999999995
0.9179999999999998
1.1010000000000002
0.9280000000000002
1.1250000000000004
0.9709999999999994
1.0189999999999997
0.9490000000000002
1.0460000000000003
0.9349999999999998
0.932
1.1150000000000002
0.9899999999999998
0.8470000000000004
1.2979999999999996
1.081
0.925
0.9810000000000003
1.0820000000000005
1.146
0.9729999999999994
1.1250000000000002
1.1020000000000003
1.1969999999999996
1.2189999999999999
1.0510000000000004
1.0160000000000002
1.1889999999999998
0.9619999999999999
0.9589999999999992
0.8619999999999997
0.8689999999999999
0.9639999999999997
1.2129999999999996
0.9750000000000001
1.0099999999999998
1.0810000000000002
1.2249999999999994
0.9230000000000002
0.9389999999999995
0.9890000000000001
0.9729999999999999
1.266
0.9109999999999991
1.174
0.916
0.9430000000000001
1.1930000000000005
0.8869999999999996
1.048
1.1300000000000003
1.1239999999999999
1.0750000000000006
0.99
1.1819999999999995
1.1110000000000002
0.9780000000000004
0.8009999999999999
0.9169999999999996
1.046
1.0949999999999998
1.092
1.216
0.9529999999999998
1.0269999999999997
0.9030000000000001
1.0209999999999997
0.8560000000000003
0.9859999999999997
1.1950000000000003
1.2909999999999997
1.4470000000000007
0.9000000000000005
0.8229999999999998
1.1369999999999998
1.248
1.1529999999999998
0.9949999999999996
0.8830000000000005
1.0410000000000001
1.2059999999999995
1.1880000000000002
1.1039999999999999
1.2609999999999995
0.7930000000000003
1.076
1.3319999999999996
1.026
1.1540000000000001
0.9
1.276
0.9350000000000002
0.8310000000000002
1.352
1.0830000000000004
1.0090000000000001
1.1069999999999998
1.047
0.9209999999999998
1.1389999999999996
1.0759999999999998
0.9970000000000003
1.2199999999999995
1.3499999999999996
0.9890000000000002
0.8319999999999993
0.9600000000000003
0.8960000000000002
1.3419999999999999
1.0850000000000002
1.1340000000000001
1.1320000000000003
0.9890000000000002
1.203
1.0060000000000004
1.034
1.058
1.0819999999999999
0.925
1.1689999999999998
1.195
1.2739999999999996
1.1119999999999997
1.2210000000000003
1.1470000000000002
1.446
1.2890000000000001
1.1159999999999994
1.0079999999999998
0.8140000000000002
1.3190000000000006
1.2179999999999997
1.1080000000000003
1.1600000000000004
0.862
0.9780000000000004
1.0679999999999992
1.011
0.8070000000000002
0.9379999999999998
0.9009999999999998
0.9120000000000007
0.9779999999999999
1.0569999999999993
1.0559999999999998
1.0379999999999996
0.9490000000000002
1.1510000000000005
1.12
0.7959999999999998
0.9869999999999999
1.0370000000000004
1.0019999999999998
1.146
0.9979999999999998
0.9759999999999998
1.1970000000000003
1.1800000000000004
0.9549999999999997
0.8740000000000002
1.0970000000000004
1.0109999999999995
1.104
0.9510000000000002
1.1610000000000003
1.1760000000000004
0.9200000000000004
1.1729999999999998
1.3569999999999995
1.068
1.2510000000000006
0.9799999999999999
1.0459999999999996
1.1879999999999997
1.0469999999999997
1.1930000000000003
1.0200000000000002
0.8909999999999999
0.9419999999999996
1.2989999999999993
0.8189999999999994
0.8400000000000005
0.915
0.935
1.0739999999999998
1.2209999999999999
1.361
1.173
1.072
1.0689999999999997
0.9180000000000001
1.0950000000000002
1.125
0.9949999999999999
1.1019999999999999
1.0630000000000006
0.9410000000000001
1.036
1.0120000000000002
1.131
1.4269999999999996
0.9740000000000001
0.9250000000000002
1.1789999999999998
0.7509999999999998
0.932
1.0310000000000008
1.1789999999999998
1.149
0.9549999999999997
1.0450000000000004
0.941
0.981
1.0550000000000002
0.9940000000000002
0.9739999999999998
0.8829999999999998
0.9850000000000004
1.2229999999999999
0.8610000000000001
1.268
1.0590000000000002
1.0419999999999998
0.951
1.026
0.9039999999999996
1.1069999999999995
1.093
1.0710000000000002
0.8999999999999995
1.053
0.9910000000000001
0.8589999999999998
1.1490000000000005
1.1
1.0670000000000004
0.9259999999999997
1.0659999999999996
1.126
0.8959999999999994
1.3429999999999995
1.1829999999999998
0.9860000000000001
1.0239999999999994
0.9569999999999999
0.9790000000000002
0.828
1.01
0.985
1.1760000000000002
1.087
1.137
0.8589999999999999
1.1230000000000002
0.8549999999999998
1.0609999999999997
1.1420000000000003
0.903
1.2619999999999993
0.777
0.997
1.0489999999999995
1.2579999999999998
1.0959999999999992
0.8930000000000001
1.025
1.4879999999999998
1.0279999999999998
1.1879999999999995
0.9460000000000001
1.3039999999999998
1.0959999999999999
1.1099999999999997
1.1219999999999997
0.9349999999999998
1.1989999999999998
0.9549999999999996
1.1349999999999998
1.1599999999999995
0.893
0.9039999999999995
1.2299999999999998
1.2789999999999995
1.0819999999999994
1.321999999999999
0.946
1.113
1.0169999999999997
1.058
1.144
1.195
1.0729999999999995
0.9869999999999997
1.0909999999999997
1.2700000000000002
1.086
1.0569999999999995
0.883
1.2390000000000003
0.8830000000000002
1.044
0.9470000000000002
1.0669999999999995
0.8949999999999999
1.079
1.1699999999999995
1.236
0.9770000000000004
0.8520000000000002
1.2329999999999999
1.3239999999999994
0.8860000000000001
0.9589999999999996
1.178
0.9329999999999997
0.9780000000000001
1.058
1.1860000000000002
1.0810000000000002
0.845
1.3179999999999998
1.0979999999999999
1.1059999999999999
1.1239999999999994
0.9570000000000002
0.9670000000000002
1.1139999999999999
1.342
1.0160000000000005
1.171
0.955
0.9620000000000003
0.7710000000000001
1.1089999999999995
0.9019999999999995
1.0900000000000003
1.091
1.0779999999999996
0.9340000000000005
1.2519999999999998
0.9239999999999996
1.0190000000000001
1.0099999999999998
1.5449999999999997
0.91
1.0419999999999998
1.1599999999999995
1.053
0.7380000000000002
0.7830000000000001
0.9999999999999997
1.2939999999999996
0.689
1.0280000000000002
1.0389999999999997
0.81
0.8200000000000002
0.9869999999999997
1.0359999999999998
1.0849999999999995
1.114999999999999
1.0120000000000002
1.0090000000000003
0.861
0.8069999999999999
1.0839999999999996
1.0579999999999996
0.8800000000000001
1.08
1.1759999999999993
0.9160000000000003
1.1139999999999997
0.9499999999999997
1.225000000000001
1.1550000000000002
1.1590000000000003
0.8860000000000001
1.0869999999999997
1.1729999999999996
1.161
0.9960000000000001
0.8949999999999995
1.0589999999999997
0.9430000000000001
1.2439999999999996
0.7749999999999995
0.8460000000000008
0.9840000000000002
1.0800000000000003
1.0240000000000005
1.4640000000000006
1.1619999999999995
0.9329999999999997
1.0240000000000002
1.1309999999999993
1.105
0.96
1.1880000000000002
0.845
1.0570000000000004
0.8680000000000002
1.1019999999999992
1.0739999999999994
1.0050000000000003
1.177000000000001
0.8840000000000003
1.0979999999999999
0.9139999999999998
1.1499999999999997
0.9729999999999993
1.006
0.9399999999999997
0.8969999999999998
1.0999999999999994
1.2099999999999997
1.4149999999999994
1.2339999999999995
0.9219999999999999
1.2339999999999993
0.9440000000000004
1.046999999999999
1.0410000000000001
1.2520000000000004
1.29
1.2789999999999997
0.9529999999999991
0.9490000000000001
0.8969999999999996
0.831
0.966
0.9409999999999994
1.068
1.1460000000000004
1.1479999999999992
0.8899999999999996
0.7219999999999999
0.9220000000000003
1.129
1.092
1.1520000000000001
0.9539999999999995
0.6479999999999997
1.0840000000000003
1.043
1.234
1.3699999999999997
0.9059999999999999
0.9730000000000001
1.076
0.7370000000000004
1.0159999999999996
1.1599999999999997
0.9559999999999994
1.0319999999999996
1.0469999999999997
1.1739999999999993
0.9619999999999997
1.03
1.165
1.269
1.174
1.0389999999999995
0.9840000000000001
1.003
0.9859999999999997
1.1690000000000003
1.1879999999999997
1.2199999999999998
1.166
1.3209999999999993
1.1520000000000001
1.1490000000000002
1.035
1.0
1.0019999999999996
0.8929999999999998
1.286
1.0929999999999995
0.955
1.132
1.2029999999999996
1.1909999999999998
1.2469999999999999
1.065
1.0370000000000001
0.89
0.7309999999999998
0.9590000000000001
0.9029999999999997
0.8769999999999998
1.2279999999999995
1.0759999999999998
1.012999999999999
1.231
1.1049999999999998
1.0110000000000001
1.1879999999999997
0.7340000000000002
1.3879999999999995
1.1820000000000004
0.8770000000000002
0.9649999999999999
1.1389999999999993
0.9879999999999992
1.0499999999999994
1.0619999999999998
1.0230000000000004
1.0009999999999997
1.1780000000000006
1.321
1.1639999999999993
1.0590000000000002
0.9910000000000001
1.1839999999999993
1.1719999999999997
1.0439999999999994
1.0719999999999998
1.61
1.6549999999999994
1.0190000000000001
1.0139999999999991
1.2110000000000003
1.318
1.284
1.1779999999999997
1.24
1.137
1.0399999999999985
1.256
1.3799999999999997
1.5299999999999998
1.0539999999999996
1.1190000000000002
1.065
1.1459999999999995
1.2019999999999995
0.7899999999999998
1.047
1.1289999999999996
1.1270000000000002
1.193
1.304
0.9149999999999998
1.0760000000000005
1.1670000000000003
0.9349999999999997
1.226
1.1109999999999998
1.271
1.0589999999999995
1.3789999999999998
0.8749999999999999
0.7729999999999996
1.021
1.138
1.1339999999999997
1.0559999999999996
1.1339999999999997
0.875
1.1839999999999993
1.1029999999999989
0.8989999999999999
1.2589999999999997
0.9709999999999996
1.0650000000000004
0.9559999999999994
1.233
0.9439999999999992
0.8629999999999999
1.2549999999999997
1.1090000000000004
1.0399999999999998
1.0560000000000007
1.0800000000000003
0.8640000000000002
1.038
1.1359999999999995
0.9420000000000002
1.1070000000000004
1.1829999999999998
1.0219999999999998
1.2259999999999995
1.030999999999999
1.0509999999999995
1.1719999999999988
0.9669999999999997
1.0170000000000008
0.9200000000000002
1.271
0.9710000000000002
1.197
1.301
0.8029999999999999
0.8969999999999998
0.9550000000000002
0.93
1.0330000000000004
1.1110000000000002
1.003
1.013
1.1979999999999995
1.047
1.033
1.1319999999999997
1.1139999999999994
1.1369999999999998
0.8679999999999995
0.9849999999999998
1.3049999999999995
1.246
1.3549999999999995
1.024
0.8919999999999995
1.2699999999999996
1.2360000000000004
1.3590000000000007
1.1099999999999997
1.121
0.975
1.18
1.0419999999999998
1.0460000000000003
1.197
0.8889999999999999
1.3090000000000002
1.3390000000000004
1.003
0.9789999999999998
1.2550000000000006
0.9729999999999996
1.0239999999999998
1.0000000000000009
0.94
1.184
0.9969999999999992
1.1420000000000001
1.0170000000000001
0.963
1.0420000000000003
1.1549999999999998
1.059
0.8129999999999998
1.1789999999999998
0.863
0.9020000000000001
0.7979999999999999
1.065
1.2989999999999995
0.8430000000000003
1.1710000000000003
0.9839999999999997
1.231999999999999
1.016
0.8200000000000002
1.2079999999999997
1.1290000000000004
1.218
1.432
1.11
1.1879999999999995
1.1319999999999992
1.0290000000000006
0.9919999999999999
1.255
1.0989999999999995
1.248
1.1760000000000002
1.2249999999999992
1.004
1.1179999999999999
1.1819999999999993
1.3649999999999998
1.1370000000000002
1.3529999999999998
1.2339999999999998
1.3980000000000001
1.259
0.9779999999999999
1.1550000000000002
0.9869999999999994
1.0089999999999995
1.15
1.2389999999999999
0.8209999999999998
1.1619999999999995
1.2080000000000002
1.320999999999999
1.008
1.153
1.3080000000000005
1.3299999999999994
1.3820000000000006
1.1119999999999997
1.5329999999999993
1.1850000000000003
1.0859999999999999
1.1969999999999998
0.9730000000000004
1.153
0.9780000000000002
1.0419999999999994
1.4400000000000004
1.202
1.4289999999999998
1.2199999999999993
1.1709999999999996
1.2939999999999996
1.055
1.117
1.6129999999999998
1.109
1.013
1.2350000000000003
1.1769999999999994
1.1090000000000004
1.2019999999999997
1.031
1.2369999999999992
1.347
1.3550000000000009
1.4339999999999995
1.092
1.0909999999999995
1.1159999999999999
1.2630000000000006
1.0159999999999996
1.5299999999999994
1.800999999999999
1.2
1.2850000000000004
1.8449999999999998
1.4790000000000003
1.3920000000000003
1.3870000000000002
1.546
1.4479999999999997
1.4649999999999996
1.22
1.0629999999999997
1.3600000000000003
1.4060000000000006
1.4810000000000008
1.8460000000000003
1.656
1.8580000000000003
1.5510000000000006
1.7739999999999998
1.5659999999999996
1.2689999999999992
1.3800000000000008
1.7249999999999994
1.455999999999999
1.5779999999999996
2.046999999999999
1.4979999999999998
1.5150000000000003
1.7860000000000011
1.870999999999999
1.611
1.7629999999999995
1.8370000000000015
1.8470000000000006
1.573999999999999
1.6720000000000004
1.3570000000000007
1.551
2.5010000000000003
2.452
1.6749999999999998
1.3519999999999999
1.351
1.8740000000000003
1.9900000000000007
1.707999999999999
1.5399999999999998
1.6920000000000008
1.4090000000000003
1.5509999999999997
1.5799999999999994
1.3799999999999997
1.5529999999999995
1.2279999999999995
2.104999999999998
1.7839999999999991
1.7629999999999992
1.8690000000000004
2.1369999999999996
1.8090000000000004
1.8289999999999997
1.4029999999999994
1.6990000000000012
1.6169999999999993
1.4270000000000005
1.7709999999999995
1.1569999999999994
1.4939999999999998
2.0090000000000012
2.0509999999999993
2.069
1.918
1.7110000000000007
1.3530000000000002
1.8749999999999991
1.9409999999999994
1.7360000000000004
1.8260000000000005
1.9960000000000002
1.2330000000000003
1.2249999999999999
2.162000000000001
1.5229999999999988
1.6920000000000002
1.5049999999999988
1.6549999999999994
1.7799999999999994
1.6390000000000007
2.0709999999999993
1.8130000000000013
2.4130000000000007
1.7380000000000002
2.7490000000000014
1.3609999999999998
1.7860000000000007
1.7610000000000001
1.6689999999999996
1.9499999999999995
1.8150000000000006
1.4669999999999996
1.7209999999999996
1.6270000000000002
1.7930000000000001
1.9620000000000002
2.1700000000000004
2.2599999999999993
1.6059999999999997
1.4929999999999999
2.1410000000000005
2.1660000000000004
1.9170000000000007
2.1049999999999995
2.330000000000002
2.228000000000001
1.7220000000000004
1.6910000000000005
1.6500000000000008
1.5739999999999998
1.8970000000000007
1.4290000000000007
2.143
2.7389999999999968
1.737000000000001
1.9140000000000001
1.8320000000000007
2.2609999999999983
2.295
2.3179999999999996
2.0399999999999987
2.0389999999999993
1.4140000000000004
1.7729999999999992
2.2620000000000005
1.9039999999999995
2.3620000000000005
1.7020000000000002
2.3390000000000004
1.828
1.8909999999999996
1.3789999999999991
2.1150000000000007
2.148000000000001
1.7079999999999982
1.972
2.0379999999999976
2.469
2.1600000000000006
2.1899999999999995
1.8890000000000007
1.6979999999999997
1.756
1.9449999999999996
2.2709999999999995
2.080000000000001
2.0340000000000007
1.8339999999999999
1.9580000000000002
1.9559999999999993
1.983
1.4050000000000011
1.9400000000000004
1.9050000000000002
2.163
1.395
2.004000000000002
1.9150000000000005
2.054999999999998
1.875
1.1339999999999995
1.8900000000000003
1.567
1.8219999999999998
1.795
2.2869999999999986
2.122999999999999
1.5519999999999985
1.7250000000000003
1.6920000000000002
2.2230000000000003
2.0060000000000002
1.3190000000000004
2.4230000000000005
1.2250000000000008
1.8680000000000003
1.8549999999999986
1.8670000000000004
1.6319999999999997
2.0369999999999995
1.5210000000000015
2.105999999999999
1.6130000000000002
2.2799999999999985
1.6740000000000006
1.879
1.908
1.7400000000000002
2.5469999999999997
1.9460000000000002
2.3190000000000013
1.6849999999999992
1.722
2.163999999999999
1.234
1.9870000000000005
1.7260000000000002
2.326
2.059
1.9650000000000005
2.1490000000000005
1.8480000000000003
2.2
1.6400000000000003
1.5719999999999998
1.9139999999999997
2.0169999999999995
1.9050000000000005
1.6420000000000017
1.9389999999999992
1.8250000000000008
1.9769999999999988
1.7910000000000013
1.8430000000000002
1.8610000000000004
1.6160000000000003
2.223999999999998
2.2479999999999993
2.3300000000000005
2.576000000000002
1.6750000000000003
1.7870000000000008
1.6280000000000008
1.686
1.6350000000000007
1.716
1.761000000000001
1.9080000000000004
2.479999999999999
2.194
1.8510000000000018
1.9940000000000007
1.9949999999999997
2.7639999999999985
1.9569999999999999
1.974
2.3720000000000017
1.8860000000000001
1.8880000000000001
1.953000000000001
1.7930000000000004
1.8670000000000002
2.269999999999999
1.8629999999999998
1.9359999999999997
2.380000000000001
1.9449999999999985
1.5430000000000001
2.020999999999999
1.8139999999999998
2.1869999999999994
1.7559999999999996
2.068000000000002
2.444000000000001
2.201999999999999
1.7079999999999997
1.5559999999999985
2.3100000000000005
1.625
1.5200000000000005
1.7900000000000014
2.064
1.9880000000000002
1.7500000000000007
1.5199999999999982
1.7389999999999994
1.8359999999999994
1.9190000000000018
1.9459999999999993
1.9599999999999997
1.469
1.7189999999999992
1.6000000000000003
1.9649999999999983
1.3470000000000002
2.305
1.7049999999999994
1.5009999999999994
1.8810000000000002
1.9780000000000002
2.134
1.8759999999999997
1.8750000000000007
2.1819999999999995
1.6770000000000007
2.0009999999999994
2.2729999999999992
1.4950000000000012
1.555
1.7649999999999992
1.923000000000001
1.5690000000000006
2.3099999999999996
2.4459999999999997
1.4180000000000006
2.3140000000000014
2.6050000000000004
2.0299999999999994
2.0370000000000004
2.048
1.7580000000000005
1.624000000000001
1.709
1.6920000000000008
1.87
1.9929999999999999
2.072000000000001
1.8729999999999996
2.359
1.950000000000002
1.7819999999999998
1.5269999999999997
1.872000000000001
1.755999999999998
1.7159999999999997
1.9899999999999993
1.8180000000000005
2.531999999999999
1.8729999999999998
2.4000000000000004
1.9189999999999996
1.5619999999999998
1.6599999999999997
1.747000000000002
1.9610000000000019
2.1550000000000007
1.5369999999999993
2.1099999999999994
1.5249999999999995
1.5070000000000006
1.7539999999999991
2.0580000000000016
1.8820000000000001
2.0639999999999987
1.8329999999999995
2.1519999999999997
1.7090000000000005
2.309000000000002
1.7169999999999996
2.5070000000000014
1.9030000000000005
2.0480000000000005
2.37
1.5779999999999998
1.7630000000000001
1.7369999999999997
2.0090000000000017
1.6409999999999996
2.0020000000000007
1.8269999999999993
1.631000000000001
2.1599999999999993
1.889000000000001
2.003999999999999
2.1990000000000007
2.397
2.039999999999999
2.1549999999999994
2.1850000000000005
1.797
2.0570000000000004
1.7950000000000008
1.757
2.450999999999999
2.3309999999999995
2.5269999999999997
1.5490000000000006
2.1270000000000007
1.9610000000000003
1.7220000000000004
2.037000000000001
2.258999999999999
2.22
1.8969999999999996
1.8330000000000002
1.7060000000000008
2.445
2.1589999999999994
1.732
2.0250000000000004
1.9839999999999998
1.354999999999999
1.8669999999999993
1.5669999999999995
2.0349999999999993
1.721999999999999
1.7300000000000002
1.8339999999999992
1.8000000000000012
1.9219999999999993
2.3850000000000007
2.599000000000001
1.9690000000000003
2.0290000000000004
1.885
1.8899999999999997
2.096999999999999
2.0659999999999985
1.9440000000000008
2.6710000000000007
2.4330000000000003
1.7180000000000009
2.325999999999999
1.9489999999999998
1.597
2.464
1.771
2.0070000000000006
1.8610000000000004
1.746
2.357000000000001
1.6969999999999998
2.113
2.0189999999999997
1.8660000000000003
1.743
2.332999999999999
2.4109999999999996
1.8459999999999999
2.1110000000000007
2.151
1.5590000000000008
1.9830000000000008
1.9959999999999989
2.1770000000000014
2.1889999999999987
1.92
1.775
1.927999999999999
1.76
1.8560000000000014
1.9219999999999988
1.9650000000000005
2.2700000000000005
1.7019999999999993
1.7200000000000009
1.362
1.8329999999999993
2.1009999999999986
1.8060000000000005
1.4869999999999992
1.9749999999999988
1.8380000000000003
1.6209999999999993
2.173999999999999
1.7999999999999994
2.2729999999999992
1.6069999999999987
1.608
2.6250000000000004
2.0049999999999986
1.7629999999999995
1.9369999999999994
1.3810000000000002
1.6670000000000005
1.906
1.7570000000000008
2.1089999999999987
2.3070000000000004
1.6980000000000004
1.8889999999999996
2.2760000000000002
1.931
1.9239999999999997
1.7180000000000004
1.6139999999999992
1.8869999999999996
2.5210000000000004
1.7460000000000016
2.639
1.9659999999999997
1.936
2.0
1.8540000000000012
1.9039999999999997
1.7800000000000005
2.2019999999999986
2.0540000000000007
1.9929999999999992
1.8159999999999992
1.6939999999999995
1.665
1.990999999999999
1.5320000000000007
2.242
1.4839999999999995
1.5920000000000005
2.0230000000000015
1.7709999999999997
1.9879999999999993
2.1579999999999986
2.0829999999999997
2.1129999999999987
1.9969999999999986
1.8630000000000013
1.6849999999999994
1.743
1.9329999999999998
1.8009999999999986
1.8369999999999995
1.5709999999999997
2.0109999999999997
2.098
2.323000000000001
2.03
1.766999999999999
1.8210000000000006
1.867
1.8910000000000013
1.5880000000000003
2.206999999999999
2.0979999999999994
2.0100000000000016
1.7110000000000003
2.0039999999999996
2.137000000000001
1.6070000000000002
1.592999999999999
2.3500000000000005
1.7250000000000003
1.9250000000000005
1.933
2.0570000000000004
2.4240000000000004
1.4540000000000006
2.1620000000000004
1.4789999999999999
1.6709999999999996
1.9240000000000004
1.9620000000000002
1.8389999999999995
1.876
2.1909999999999994
1.3940000000000003
1.8560000000000003
1.7720000000000002
2.2300000000000004
2.197000000000001
1.6250000000000002
1.707
2.4829999999999997
2.7450000000000006
1.6639999999999997
2.013000000000001
1.6680000000000001
2.035
1.9410000000000005
1.88
1.969999999999999
1.821
1.6799999999999995
1.8389999999999997
1.806
2.055
1.983999999999998
1.7509999999999997
1.874
1.9859999999999998
1.3220000000000005
1.3140000000000007
1.9570000000000005
1.6049999999999998
2.059
1.5589999999999997
1.455
1.9140000000000006
1.4639999999999997
2.263000000000001
2.2529999999999992
1.8809999999999991
1.4860000000000002
1.6839999999999997
1.708999999999999
1.9670000000000016
2.3980000000000015
2.0050000000000003
1.5550000000000006
2.035000000000001
1.62
2.0129999999999986
1.9900000000000009
1.6669999999999998
1.669999999999999
1.5439999999999996
1.8960000000000008
1.9609999999999987
1.4519999999999995
1.9399999999999995
1.8189999999999997
1.725
2.3179999999999996
2.313000000000002
1.4620000000000004
1.6409999999999996
1.8809999999999993
1.808
1.7820000000000003
1.929
2.3000000000000007
1.6520000000000001
1.8850000000000007
1.7389999999999999
2.1149999999999993
2.4159999999999995
1.796
2.011
1.595
1.599
2.3480000000000003
1.7930000000000006
1.9379999999999995
1.8370000000000002
1.9979999999999998
1.7710000000000001
2.596
1.8730000000000007
1.9419999999999995
1.3799999999999997
1.3710000000000004
1.9909999999999994
1.9559999999999993
2.196
2.181999999999999
1.588
1.703
2.196000000000001
1.886
2.0239999999999996
2.115999999999999
2.551999999999999
1.8080000000000005
2.687999999999999
2.4259999999999997
1.6299999999999997
1.9629999999999999
2.1980000000000004
1.7209999999999996
1.7379999999999993
2.005000000000001
1.8469999999999995
1.4730000000000008
2.0149999999999992
1.9960000000000002
2.299
1.5479999999999998
2.1169999999999995
1.7999999999999998
1.8830000000000005
2.272
2.212
1.7700000000000002
1.9239999999999993
2.2530000000000006
2.2120000000000006
1.8370000000000004
2.0410000000000004
1.9349999999999996
2.826
1.9520000000000008
2.5009999999999994
2.8859999999999997
2.8799999999999994
1.847999999999999
1.7050000000000005
2.392999999999999
2.415
1.9940000000000004
2.222
2.1340000000000003
2.2729999999999997
2.685999999999999
1.935000000000001
2.3120000000000003
2.4370000000000003
2.1040000000000005
2.43
2.430999999999999
3.0630000000000006
2.498
2.9199999999999995
2.0210000000000004
2.405999999999999
2.758000000000001
3.2560000000000007
2.321999999999999
2.5740000000000016
2.7540000000000013
2.5450000000000013
2.5410000000000013
2.5010000000000003
2.47
2.3899999999999992
2.6769999999999987
2.5159999999999996
2.329999999999999
2.542000000000002
1.495999999999999
2.306000000000001
2.762
3.060999999999999
1.9400000000000004
2.369999999999999
3.051
2.009000000000001
2.055
2.4330000000000003
2.363
2.0070000000000006
2.7780000000000014
2.210999999999999
2.228
2.79
2.3269999999999995
2.1530000000000014
2.279
2.1009999999999986
2.0440000000000014
2.9769999999999994
2.1790000000000003
2.3790000000000004
2.3170000000000006
2.2410000000000005
2.8040000000000007
2.9089999999999994
2.3280000000000003
2.9219999999999997
3.065
2.613
2.261000000000001
2.535000000000001
2.1059999999999994
2.5250000000000004
2.904999999999999
2.583
3.140999999999998
3.2189999999999985
3.133
2.8069999999999986
3.1800000000000024
3.2870000000000004
2.859
2.7160000000000006
2.0719999999999996
2.928
2.8369999999999997
2.590000000000001
2.9880000000000013
2.8540000000000005
3.0750000000000006
2.735999999999999
2.525
2.8280000000000003
3.894000000000002
3.041999999999998
3.057
3.261999999999998
3.180000000000001
2.8760000000000003
2.7609999999999992
3.5720000000000005
3.3439999999999985
3.7079999999999997
2.8440000000000003
2.2769999999999997
2.468000000000001
3.059
3.414
3.2679999999999993
3.9200000000000017
2.6600000000000006
2.926999999999998
2.8299999999999987
2.8009999999999997
3.418999999999999
2.636000000000002
1.9050000000000005
2.5070000000000006
2.6710000000000007
3.1689999999999987
2.774000000000001
2.8709999999999996
3.4729999999999994
3.0399999999999983
3.4960000000000004
3.372000000000002
2.2240000000000006
3.0089999999999986
2.8190000000000004
3.224
2.4899999999999993
3.0810000000000013
2.616
3.376000000000002
2.982999999999998
2.9249999999999985
2.000999999999999
3.1089999999999987
3.1319999999999997
2.680999999999999
2.5189999999999997
3.1260000000000003
3.4049999999999967
3.095
3.0739999999999994
3.3719999999999994
2.1419999999999986
2.9680000000000013
2.7859999999999996
2.8209999999999993
2.3879999999999995
3.0300000000000007
3.2150000000000007
3.0340000000000007
2.7560000000000002
2.5230000000000024
2.550000000000001
3.3539999999999996
2.736
2.964
2.597
3.185000000000002
2.792
2.517999999999999
2.818999999999999
2.5170000000000003
2.7809999999999997
2.3489999999999998
2.592000000000001
3.242000000000001
2.408
2.926999999999999
3.978000000000001
3.218
3.010999999999998
3.1279999999999983
3.0580000000000007
2.413999999999999
3.0340000000000003
3.2990000000000004
2.6529999999999996
2.959999999999998
1.9479999999999993
3.4559999999999995
2.617
3.5509999999999975
2.4730000000000003
2.9389999999999987
3.323000000000001
2.849
3.1199999999999988
3.045000000000002
2.9749999999999996
2.6740000000000004
3.432000000000002
2.4300000000000015
2.6789999999999994
3.0350000000000006
2.2840000000000007
3.275999999999999
3.0189999999999992
2.1950000000000003
2.8359999999999967
3.4939999999999993
2.5570000000000013
2.4119999999999995
2.8700000000000006
2.3960000000000017
3.119999999999999
2.9690000000000003
3.3150000000000004
3.099
2.730999999999999
2.642
2.771999999999998
2.7760000000000016
2.8509999999999986
2.7050000000000005
3.5960000000000023
2.22
2.2030000000000003
2.8679999999999986
3.1509999999999985
2.765
2.7560000000000002
2.6340000000000003
2.4759999999999995
2.5160000000000013
2.9389999999999996
2.757999999999999
2.755999999999999
3.1639999999999975
2.4219999999999997
2.786
2.6379999999999995
2.6230000000000007
3.359000000000003
3.0110000000000015
2.861999999999999
2.8799999999999994
3.546
2.4800000000000013
2.874000000000002
2.681000000000002
2.1350000000000007
3.2639999999999985
3.3380000000000014
3.3069999999999995
3.6330000000000013
2.15
3.1959999999999993
2.7659999999999996
2.9499999999999993
2.8200000000000007
3.474999999999996
2.292000000000001
2.9369999999999994
2.887000000000001
3.157000000000001
2.779999999999999
3.4920000000000004
2.8149999999999995
3.393000000000001
3.0060000000000007
2.867000000000001
2.6560000000000015
3.3739999999999988
2.6550000000000007
3.0610000000000004
2.4620000000000006
3.435
2.2910000000000013
2.8920000000000003
3.029
2.4850000000000008
3.829
4.610000000000002
2.5290000000000004
3.171000000000001
2.6069999999999998
2.6050000000000013
2.813999999999999
2.1300000000000003
2.9930000000000017
2.948000000000001
2.819000000000002
3.5429999999999984
3.045
2.9909999999999997
2.806
2.9189999999999996
2.7859999999999996
2.698
3.4250000000000007
2.9049999999999994
3.3349999999999995
2.4560000000000013
1.9319999999999993
3.461999999999999
2.7350000000000034
3.4079999999999995
2.282000000000002
2.8340000000000027
2.6719999999999997
2.9900000000000007
2.6520000000000006
3.0619999999999994
2.6280000000000014
3.5960000000000014
2.777000000000001
3.033000000000001
2.373
2.4539999999999997
2.892999999999999
2.6839999999999997
3.0850000000000004
2.2089999999999996
3.600000000000002
2.679
3.3859999999999992
2.4149999999999996
3.3540000000000014
2.9599999999999995
2.709000000000001
2.9659999999999997
2.9670000000000005
3.053000000000001
2.917999999999999
2.7280000000000006
2.7950000000000013
3.5999999999999996
2.907999999999999
2.5840000000000005
2.450000000000001
3.0959999999999983
3.044999999999999
2.6070000000000015
2.9400000000000004
3.130999999999999
2.7340000000000004
2.9650000000000016
2.969
2.9069999999999987
3.42
2.7190000000000003
2.9780000000000006
2.8819999999999975
3.1159999999999997
3.4000000000000012
3.3799999999999994
2.7760000000000002
2.4930000000000017
2.9949999999999988
2.4589999999999996
3.469999999999999
3.2540000000000022
3.0
2.8350000000000013
2.9020000000000006
2.697999999999999
2.7620000000000005
2.9769999999999976
2.8070000000000004
2.740000000000001
3.2489999999999997
2.2870000000000004
3.311999999999999
3.473000000000001
3.1100000000000017
3.193999999999999
2.5000000000000013
2.7960000000000003
2.6730000000000005
3.633999999999998
2.357
3.489
2.414
3.0060000000000002
2.8439999999999976
2.4240000000000004
2.9200000000000013
3.264000000000001
3.0909999999999993
2.7790000000000017
3.2580000000000013
2.8789999999999996
2.602999999999999
3.5069999999999992
3.1439999999999997
3.340000000000002
3.5389999999999993
3.2690000000000015
3.420999999999998
2.892999999999997
2.9170000000000016
2.0570000000000004
2.674999999999999
2.871000000000001
2.8680000000000008
2.978
2.869000000000001
2.9690000000000016
2.684
3.1720000000000006
3.064000000000001
2.798999999999999
2.9779999999999966
2.4419999999999993
2.8179999999999996
2.758999999999998
3.0460000000000007
3.5130000000000012
2.7849999999999984
3.2119999999999975
2.8079999999999994
3.332000000000001
2.963
3.044000000000001
2.9490000000000007
3.879999999999998
2.9720000000000004
2.723000000000001
2.9800000000000004
2.961
3.6450000000000005
3.0249999999999977
2.770000000000002
2.3869999999999996
2.638
3.2570000000000006
3.039000000000001
3.447999999999999
2.8249999999999993
3.1439999999999992
2.3850000000000002
3.594000000000003
