1.6645999999999994
2.0862000000000003
1.7633999999999999
1.8279999999999996
1.6088
1.0352
2.101
1.636400000000001
2.5342000000000002
2.6696000000000004
2.0008
1.9076000000000002
1.3384
1.3929999999999998
1.3267999999999998
1.494
1.6378000000000006
1.3837999999999995
1.2377999999999998
1.1054000000000002
1.2892000000000003
1.3535999999999995
1.3275999999999994
1.1445999999999998
1.0740000000000005
1.3577999999999995
1.3093999999999995
0.8754
1.4200000000000006
1.5116
1.4580000000000004
1.0086000000000008
1.3252000000000002
1.0212
1.2436000000000003
1.3137999999999999
1.0163999999999995
1.0884
1.378
1.1439999999999995
1.295
1.0455999999999996
1.0894000000000001
1.154
1.0992000000000004
1.008
1.3884
1.1513999999999998
1.2582000000000004
1.1216
0.8437999999999998
1.1564000000000003
1.0451999999999997
0.7716
1.2514
1.2487999999999995
1.1037999999999994
0.9184
1.0423999999999995
0.7930000000000004
1.0742
0.7775999999999997
0.9420000000000001
0.9364000000000001
0.8632000000000006
1.208800000000001
1.0326000000000004
0.9246000000000005
1.2617999999999991
1.1038000000000001
1.1396000000000002
0.9426000000000003
1.0580000000000003
1.2708000000000006
1.2314000000000003
1.0541999999999994
1.2403999999999993
0.9304000000000002
0.7978000000000001
0.9999999999999999
1.3580000000000008
1.0030000000000003
0.9691999999999993
1.1544000000000005
0.9512000000000002
1.1147999999999996
1.1102000000000003
0.9445999999999998
1.1065999999999996
1.2096000000000002
1.0819999999999996
0.9793999999999993
1.0678000000000005
0.8641999999999999
0.8414000000000005
0.8047999999999997
1.0015999999999994
0.8794000000000005
0.9057999999999999
1.1136
1.1638000000000002
1.0694000000000004
1.0974000000000002
1.2964000000000002
1.1432
0.8734000000000005
1.1058000000000008
1.0165999999999997
0.9231999999999999
1.0425999999999995
1.0131999999999994
1.1307999999999998
0.9657999999999999
0.9480000000000003
1.0878
1.0080000000000002
0.929
0.8748000000000001
0.9414000000000002
0.9934000000000005
0.9249999999999997
0.9494000000000002
0.9736000000000001
1.0444
0.8120000000000002
0.8388000000000002
1.2976
1.1878
1.133400000000001
0.9359999999999998
1.0397999999999994
1.1844
1.1805999999999999
1.0217999999999996
1.0793999999999997
0.9458
0.8650000000000001
1.1675999999999993
0.9445999999999993
1.0269999999999997
1.1268000000000002
1.0067999999999997
1.0102000000000002
1.0214000000000003
1.0506
1.1878
1.0940000000000003
1.1992
0.9475999999999999
1.3366000000000002
0.9624000000000005
1.2153999999999998
1.052
0.9592000000000005
1.211799999999999
1.1715999999999998
0.8164
0.9863999999999998
1.1842000000000006
0.8539999999999996
0.8892
0.8987999999999998
0.9056000000000002
0.8895999999999998
0.9863999999999998
1.0424
0.9026000000000003
1.0261999999999998
0.9590000000000005
1.2046000000000008
1.3119999999999996
0.9220000000000005
1.0441999999999996
0.8660000000000005
0.8894000000000003
1.1165999999999998
0.8857999999999997
0.9402000000000007
1.0827999999999995
0.9994
0.9287999999999998
1.0802
0.9756000000000005
1.0108
0.9024000000000005
1.1007999999999993
1.0400000000000003
0.9366000000000001
1.2082000000000006
1.0258
1.0054000000000005
1.1443999999999999
1.2388
1.2247999999999999
1.0262000000000002
1.2349999999999999
1.1078
0.8963999999999999
1.1699999999999997
1.0548000000000004
1.0492000000000006
0.7277999999999999
0.9991999999999994
1.0507999999999997
0.9230000000000003
1.1204000000000003
0.8362
0.8580000000000002
1.0966
0.9547999999999994
0.9467999999999998
1.1017999999999997
0.9878000000000003
1.0454000000000003
1.0419999999999998
0.9620000000000006
0.8483999999999997
1.0066000000000002
0.8798000000000006
1.0333999999999997
1.0402000000000005
1.0326
0.7629999999999998
0.9828000000000003
1.0703999999999998
1.0007999999999997
0.8788000000000007
0.9518000000000001
0.6652000000000001
1.0424000000000007
1.5677999999999996
1.3244000000000002
1.0834000000000001
1.0034
1.0453999999999999
0.9829999999999999
1.0794000000000006
1.2484000000000015
0.8149999999999994
1.0282000000000004
0.9050000000000001
1.1556
0.8996000000000001
0.9942
1.0022000000000004
1.1867999999999996
1.0468000000000002
0.7424
1.0486000000000002
1.0791999999999997
1.2814000000000008
1.114400000000001
1.0637999999999996
0.7950000000000006
0.8802000000000002
1.0490000000000004
1.2709999999999995
0.9276000000000003
1.2012000000000003
1.037
1.0008
0.8675999999999999
0.8818000000000004
1.2759999999999994
1.0588000000000002
1.0546
0.9595999999999997
1.1518000000000002
1.0743999999999994
0.9930000000000004
1.0198
1.0290000000000006
0.8613999999999997
1.3534000000000006
0.8839999999999998
0.8290000000000005
1.0208000000000002
1.2238000000000002
1.1491999999999998
1.3568
0.9576
1.0604000000000005
1.1900000000000002
1.3364000000000003
0.7819999999999995
0.882
1.0180000000000002
1.2486000000000002
1.0712000000000002
1.2295999999999998
1.0186
0.9224
0.8549999999999998
0.8770000000000002
1.1074000000000002
0.7797999999999997
1.3252000000000002
0.9387999999999999
1.0192
0.8957999999999997
1.0428000000000006
0.9399999999999998
1.1481999999999994
1.148
1.0492
1.3367999999999998
0.708
0.8389999999999997
1.0739999999999996
0.9780000000000005
0.7832000000000005
0.9905999999999995
1.1336000000000006
1.2202000000000002
0.9438
1.1241999999999996
0.8173999999999998
1.1435999999999995
1.132
1.1086
0.9363999999999997
1.1079999999999999
0.7370000000000003
0.8050000000000008
0.8923999999999999
1.1187999999999996
1.0630000000000006
1.1256000000000004
1.0638
1.0478000000000005
1.253
1.2100000000000002
0.9660000000000001
1.1534
1.1300000000000006
1.15
1.1492000000000002
1.2003999999999997
1.0450000000000004
0.9324000000000001
1.0630000000000004
1.0133999999999999
0.9727999999999999
1.2558
1.1584000000000003
1.2692000000000005
1.189400000000001
1.2152000000000003
0.8905999999999997
1.0882
0.9616000000000002
1.0765999999999996
0.8193999999999997
0.9683999999999995
1.3490000000000006
1.2102
1.0629999999999995
0.996
1.0111999999999999
1.2106
1.0104000000000004
0.9954000000000006
0.8462000000000001
1.3026000000000002
1.1786
1.3273999999999992
1.0604
0.8933999999999997
0.9334000000000006
1.0792
0.991
1.0333999999999994
1.0578
0.9790000000000002
1.1417999999999995
1.1613999999999993
1.0840000000000003
1.0144
1.0138000000000005
1.0371999999999995
1.2830000000000001
1.1716
1.1596
0.9573999999999997
0.9728000000000006
0.9473999999999996
1.2530000000000006
0.9173999999999998
1.1104000000000003
0.9887999999999997
1.1179999999999994
0.8398
1.0960000000000005
1.1130000000000002
1.2281999999999997
1.1542000000000003
1.1478000000000004
1.3096000000000005
0.7564
0.9112000000000002
0.9472
1.0132
1.0888000000000002
1.0727999999999995
1.0890000000000004
0.8881999999999999
1.2446000000000006
1.1548000000000003
0.9743999999999997
1.149599999999999
0.9107999999999997
1.1952
1.2239999999999995
1.1945999999999994
0.9754000000000004
1.1585999999999994
1.2502000000000004
1.0420000000000003
0.7672
0.8926000000000001
1.1111999999999995
1.1309999999999998
1.061
0.9738
1.2571999999999997
1.1348000000000003
1.0251999999999992
1.3821999999999994
1.1750000000000005
1.1987999999999999
1.2514
1.1624000000000003
1.0470000000000006
1.111
1.1036
1.0228
1.0929999999999993
1.0714000000000004
1.2704
1.2590000000000006
0.9050000000000002
1.1983999999999997
1.0629999999999995
0.8125999999999999
1.0437999999999998
1.0319999999999994
1.1103999999999998
1.1494000000000006
1.2084000000000004
0.9073999999999995
1.1340000000000006
1.1738000000000002
1.0648000000000004
0.9982000000000001
1.0314000000000005
1.1061999999999999
0.9695999999999999
0.9932000000000002
1.0295999999999998
0.9136000000000007
1.1113999999999997
1.0540000000000003
1.1649999999999996
1.0291999999999997
1.1952
1.1024
1.3141999999999998
0.8300000000000003
1.3175999999999997
1.2013999999999998
1.0148000000000001
1.0790000000000008
1.3854000000000002
1.0601999999999996
0.7642000000000003
0.9536
0.9340000000000006
0.9658000000000001
0.911
0.8857999999999998
1.1181999999999999
0.9017999999999996
0.9575999999999998
0.8388
1.0533999999999997
1.1080000000000003
1.1150000000000004
1.0730000000000004
1.1390000000000002
0.8485999999999997
1.16
1.1481999999999994
0.9494
0.8161999999999999
0.9617999999999998
1.237600000000001
1.0234000000000005
1.1148000000000005
0.7704
1.195
0.8988000000000007
1.1579999999999995
0.8581999999999995
0.8218000000000002
0.9359999999999998
0.9977999999999996
1.4516000000000004
1.0406
1.1204000000000003
0.7132000000000001
0.9206
1.1015999999999995
0.9431999999999999
1.0845999999999996
0.9152
1.2476000000000003
1.1418000000000001
0.8922000000000001
1.0022
1.0831999999999988
0.8308000000000004
0.9248000000000005
0.8154000000000005
1.0600000000000003
1.0390000000000001
1.1445999999999996
0.8214
1.0238000000000007
1.2166000000000006
1.1298000000000004
0.843
0.8933999999999997
1.2392000000000003
0.9167999999999996
0.9072000000000001
0.8337999999999995
0.8260000000000004
1.0733999999999997
0.8688000000000001
0.9384000000000001
1.0992
0.9789999999999995
0.7922000000000005
0.8795999999999996
1.0241999999999993
0.9304000000000007
1.0570000000000004
0.873
0.8368000000000001
1.2401999999999995
1.2840000000000003
0.9633999999999999
1.2054
0.9855999999999997
1.0116000000000003
0.9526000000000003
1.2358000000000002
1.0037999999999998
1.2581999999999993
0.9269999999999997
1.0788000000000002
0.9767999999999998
1.0472000000000004
1.177999999999999
1.1517999999999993
1.1425999999999998
1.0270000000000001
1.056
1.1362
1.1942
0.9492
0.9204000000000004
1.2989999999999997
0.9741999999999996
1.1171999999999995
1.0697999999999994
0.9936000000000001
0.846
0.8764000000000003
0.9158000000000002
1.0072
1.0675999999999997
1.0987999999999996
1.0090000000000003
0.8019999999999995
0.8340000000000001
0.735
0.741
0.8924000000000002
0.7958
0.9947999999999994
0.9339999999999995
1.1366000000000005
0.9664000000000007
1.0206
1.1209999999999993
0.6966
0.9336000000000001
0.9606000000000009
1.0180000000000005
0.8367999999999999
0.9165999999999999
0.8302000000000003
1.0928000000000002
0.8366000000000003
0.9386000000000003
0.9952000000000001
1.0101999999999998
0.9371999999999994
0.7308
0.9733999999999996
1.0167999999999993
0.8704
1.0991999999999997
0.9160000000000007
1.2357999999999998
1.2796000000000003
1.1706000000000005
0.9067999999999999
1.0580000000000005
1.1714000000000002
0.8908
1.1394000000000002
1.3139999999999998
1.1233999999999995
0.9623999999999998
1.0026000000000004
1.1552
1.2965999999999993
1.1737999999999993
1.1758000000000006
0.9392
0.9638000000000002
1.2372000000000005
1.0048000000000001
1.2058000000000002
1.016
1.0865999999999993
0.8338000000000001
0.8456
0.7954000000000003
1.2954
0.9846000000000004
1.0410000000000001
1.0832000000000002
1.1998
0.9862000000000009
1.5077999999999987
0.8274000000000002
0.9978
1.2068000000000003
1.0
0.9001999999999997
1.1472000000000007
1.0139999999999996
1.1833999999999996
0.903
1.002399999999999
0.8450000000000002
0.8175999999999997
1.1369999999999998
1.1934
1.0868
1.1044
1.3827999999999998
1.4071999999999993
0.8558
1.1541999999999997
1.2382000000000004
1.1672000000000002
0.9779999999999999
1.1773999999999996
0.9676
0.9088000000000004
0.8745999999999998
1.2695999999999994
0.7434000000000002
0.7914000000000003
0.9541999999999996
1.3501999999999998
0.8710000000000003
0.9503999999999995
0.8860000000000002
1.0612000000000001
1.1978000000000006
1.0078
1.0206000000000002
0.9994000000000001
0.8534000000000003
1.2762
1.0702000000000005
0.8256000000000001
0.8866
1.1267999999999998
1.281399999999999
0.9606000000000003
1.0883999999999998
1.1008000000000004
1.2137999999999995
1.3456000000000006
0.9917999999999998
1.0201999999999998
0.9826000000000001
1.0466000000000002
1.0623999999999996
1.1758
1.07
0.9176000000000005
1.1660000000000006
0.8443999999999997
0.9616000000000003
1.0838000000000005
1.0194
1.0290000000000008
0.9588000000000002
1.0032
0.9400000000000002
1.1490000000000005
1.3334000000000004
0.8575999999999999
1.0214000000000005
1.0910000000000002
1.1996000000000002
1.0992
1.018
0.8732000000000001
1.0715999999999999
0.9930000000000002
0.9155999999999999
1.0877999999999999
0.8429999999999996
1.1907999999999996
0.9264000000000001
0.8698
1.1102000000000003
0.7559999999999999
1.1467999999999998
0.8083999999999998
0.9098000000000002
0.9070000000000001
0.9596000000000001
1.2742000000000007
1.1412000000000004
1.0676000000000003
1.0363999999999995
0.9228000000000004
0.9747999999999997
0.7728000000000002
0.7569999999999996
0.789
0.9146
1.2352000000000005
1.0097999999999987
1.2296000000000007
0.9668000000000001
0.8640000000000001
1.0254000000000003
1.2330000000000017
0.9275999999999999
0.8415999999999991
0.6621999999999999
1.0406
0.9937999999999997
1.0863999999999994
1.3210000000000002
1.0240000000000007
0.9181999999999999
1.2828000000000006
1.0082
1.1954000000000005
1.2178000000000007
0.8954
0.8658
1.0596000000000005
0.9161999999999999
0.9241999999999996
1.0499999999999994
0.9413999999999999
1.2376000000000003
0.9569999999999991
0.8675999999999998
0.8926000000000003
1.0249999999999995
0.8767999999999992
1.0204
0.9746000000000008
1.1271999999999995
0.9227999999999998
1.0530000000000002
1.0796000000000003
1.0544000000000002
1.1470000000000002
0.8004000000000002
0.9811999999999993
1.0067999999999993
0.8172000000000003
1.0890000000000002
1.0012000000000003
0.8437999999999997
0.9401999999999995
0.9201999999999998
0.9068000000000006
1.0003999999999997
0.8565999999999996
0.8444000000000003
1.0242
1.1578000000000006
1.2300000000000002
1.1982000000000006
0.9347999999999995
1.1338000000000001
1.1052
0.7362000000000001
1.158
0.9322000000000001
1.0461999999999998
0.9359999999999999
1.1544000000000003
1.0151999999999999
0.9972000000000001
1.0789999999999997
1.1948
1.152
1.0453999999999988
1.0697999999999999
0.9209999999999993
0.7885999999999995
0.9694000000000009
0.9908000000000001
1.0128
1.092999999999999
0.9583999999999997
0.8598
1.2302000000000006
0.9312000000000005
1.1526
0.9766000000000001
1.1889999999999998
1.059
1.1434
0.9445999999999993
1.1058000000000003
0.8419999999999992
0.9552000000000003
0.7918000000000001
1.0353999999999994
0.8799999999999997
0.9195999999999998
1.1039999999999999
0.9468000000000003
1.1067999999999998
1.048
1.0248000000000002
0.9477999999999994
1.0252000000000001
1.1130000000000002
1.1799999999999997
1.1898
1.2096
0.995
0.9744000000000003
0.9668000000000005
1.0005999999999997
1.0050000000000001
1.0465999999999995
0.8056000000000003
0.9885999999999996
0.8852000000000004
1.0591999999999995
0.8769999999999998
1.2583999999999997
0.9836
0.9458000000000003
1.2945999999999995
0.9460000000000004
1.1338
0.8196000000000002
1.1258000000000001
1.0280000000000005
0.8134
0.9361999999999994
0.8564000000000003
1.0258
0.9203999999999994
1.0683999999999996
0.8472000000000003
0.9565999999999998
0.8457999999999997
0.9641999999999998
0.9839999999999999
1.1136
1.2270000000000005
0.9023999999999996
1.1833999999999998
1.3796000000000004
1.1378
1.2244
0.9988000000000006
1.0244000000000002
0.9116
0.9845999999999998
1.0440000000000007
1.1612
1.0842000000000003
1.0286
0.9977999999999991
1.0733999999999997
0.9121999999999996
0.7801999999999996
1.065400000000001
1.0222000000000004
1.0057999999999994
1.0220000000000002
1.0872
0.8930000000000002
0.7312000000000003
0.9299999999999993
0.7474000000000003
0.9899999999999999
0.9263999999999999
0.7175999999999999
1.2435999999999998
1.0144000000000002
0.8642
1.063
1.0275999999999994
0.7975999999999999
1.0075999999999998
0.9069999999999996
1.2673999999999994
1.1412
0.9732000000000001
1.0442000000000005
1.0440000000000005
0.9871999999999997
0.8889999999999999
0.9541999999999996
0.7823999999999998
0.8291999999999997
0.7434000000000001
1.1340000000000001
0.8425999999999998
0.8247999999999999
1.3256000000000001
0.9114000000000003
0.9087999999999997
0.9158
1.1706
0.9353999999999993
0.8888000000000007
1.0898000000000008
0.9479999999999995
0.7764000000000002
1.2207999999999994
0.9866000000000006
1.0256000000000003
1.008
0.8600000000000004
1.0332000000000006
1.0627999999999997
0.8578
1.2191999999999994
0.9504000000000006
1.1117999999999997
0.8103999999999992
0.9357999999999993
0.9461999999999999
1.0028
0.8630000000000004
0.9662000000000001
0.9302000000000002
0.8093999999999998
1.0935999999999995
0.9815999999999998
0.9702
1.0296
0.8741999999999993
0.9977999999999997
0.9164
0.9286000000000005
0.9705999999999999
0.7968000000000001
1.085
0.9251999999999997
1.1917999999999995
1.0642000000000005
1.0324
1.134
0.9190000000000002
1.2076000000000007
0.9724000000000008
0.9864000000000002
1.1263999999999996
1.1242
0.9551999999999998
0.8197999999999999
0.9291999999999996
1.0021999999999993
1.1201999999999999
0.8135999999999999
0.9347999999999995
1.0672000000000006
0.9926000000000001
0.9329999999999998
1.0099999999999998
1.1174000000000013
0.9033999999999998
0.8205999999999996
1.1064
1.1611999999999998
0.8791999999999999
0.9725999999999999
0.9702000000000001
1.0903999999999991
0.7433999999999998
1.1978000000000002
1.0250000000000006
1.1184000000000003
1.1326000000000003
1.0841999999999994
0.9186000000000005
1.1098000000000003
1.0507999999999997
0.8904000000000003
0.9593999999999998
1.0422000000000002
0.8740000000000001
0.9536000000000004
0.9136000000000003
1.0259999999999998
0.9597999999999998
0.7728000000000003
1.1996000000000004
1.1263999999999985
1.0944000000000011
0.8533999999999996
1.1936000000000004
0.8638000000000002
0.9187999999999995
0.9403999999999999
1.1545999999999998
1.0461999999999998
1.0231999999999997
1.0486
1.0060000000000004
0.9526000000000003
1.0174000000000003
0.8523999999999999
1.2041999999999997
0.7633999999999997
0.9274
0.9249999999999997
0.9091999999999996
1.037
1.0903999999999998
0.9846000000000003
0.9674000000000003
0.9164000000000001
0.9705999999999999
0.9992
1.0929999999999995
1.089
1.2416000000000003
0.8759999999999997
0.9026
0.9575999999999997
1.2061999999999995
0.8726000000000005
1.0372
0.8123999999999997
1.099
0.9854
0.8368000000000002
0.8976000000000003
0.9450000000000003
0.8539999999999991
0.8738000000000006
0.8829999999999998
1.0766000000000004
1.0206000000000004
1.072
1.1122000000000005
0.9967999999999994
1.0648
1.1420000000000008
0.8239999999999997
1.1573999999999995
0.920599999999999
1.1478
0.9584000000000007
1.0352
0.8906000000000001
1.0538000000000005
1.0066000000000002
1.1916000000000004
1.1326000000000007
1.0414
0.9988000000000001
1.0647999999999995
1.0690000000000002
1.0336
0.9363999999999999
1.1871999999999998
1.2147999999999999
1.1332000000000007
1.0176
1.0561999999999998
0.8279999999999993
1.2321999999999997
0.8846000000000008
0.9159999999999998
1.2167999999999999
1.1968000000000003
1.0216000000000003
1.2342000000000004
1.0312000000000003
0.8257999999999996
1.0625999999999998
1.0675999999999997
1.0667999999999995
0.8621999999999997
1.2838000000000003
0.9949999999999999
1.2636
1.1456000000000002
1.0555999999999996
1.0892000000000004
1.4029999999999998
1.3535999999999995
0.7748000000000004
0.9566000000000003
1.1347999999999998
1.0359999999999998
0.8042
1.487
1.0137999999999996
0.99
1.0877999999999992
0.8855999999999998
0.8132000000000003
0.8002000000000007
1.0570000000000004
0.8375999999999997
1.028
1.0102000000000002
1.1378000000000004
1.1681999999999995
1.0862000000000007
1.1103999999999998
0.9554000000000005
0.7845999999999996
0.9437999999999995
0.9287999999999995
0.8049999999999994
1.1606000000000005
0.9633999999999996
0.9016000000000001
1.0738000000000003
0.8822000000000004
1.0038
0.8573999999999998
1.0262
1.0606000000000007
1.0662000000000003
1.0382000000000011
1.0701999999999998
0.9126000000000003
0.9761999999999996
0.9635999999999995
1.193
0.8827999999999997
0.8748000000000001
0.7929999999999997
0.9874000000000005
0.8694000000000002
0.9082000000000001
1.1488
1.1502000000000003
0.9680000000000005
1.1338
0.8438000000000002
0.9678000000000003
0.8269999999999995
1.1535999999999997
1.1673999999999998
0.8478000000000001
0.939
1.2794000000000003
0.9992000000000002
1.0871999999999993
0.9102000000000006
0.7582000000000001
0.9406000000000002
0.9405999999999999
1.0674000000000001
1.0995999999999995
0.8299999999999996
1.2502000000000002
1.1147999999999998
0.7965999999999996
0.9032000000000001
0.9342
0.8612000000000003
0.8145999999999995
1.1968000000000003
1.1458000000000004
1.0215999999999985
0.9873999999999998
0.7183999999999997
0.9574000000000001
1.1949999999999998
1.1414
1.0119999999999996
1.0736000000000003
0.9184000000000002
1.2784
0.9227999999999993
0.9496000000000001
1.2046
1.1519999999999992
0.7789999999999999
1.0079999999999998
1.1178
0.8076000000000003
1.0376000000000003
1.2285999999999995
1.0318000000000003
0.8380000000000003
0.9848000000000002
1.0083999999999997
1.1665999999999999
0.9828
0.7783999999999998
1.1657999999999997
0.8265999999999996
0.9894000000000002
0.9728
0.8973999999999998
0.8737999999999999
0.8080000000000002
1.1098000000000001
0.7635999999999998
0.8380000000000004
0.8314
1.3112000000000001
1.044
1.2389999999999997
1.0270000000000001
1.2857999999999998
1.2784000000000002
1.0445999999999998
1.0196000000000003
0.8970000000000004
0.8906000000000002
0.9642000000000003
1.1622000000000001
0.9469999999999993
0.8916000000000003
0.9796
1.1152000000000002
1.0671999999999993
0.8798000000000008
0.9452000000000005
1.0918000000000003
1.3603999999999998
0.9864000000000003
1.2478000000000002
0.8946000000000002
0.9988000000000001
1.270200000000001
1.1898000000000004
1.0244000000000002
1.1762
0.8256000000000003
0.9684000000000004
1.0154000000000003
1.0839999999999999
1.0794
1.2182000000000002
1.0080000000000005
1.1639999999999993
1.1543999999999996
1.0942
1.0432
1.0732000000000006
1.1076000000000006
1.1932000000000005
1.2582000000000007
0.9707999999999999
1.0896000000000006
1.0319999999999998
1.278
1.2346000000000001
1.2257999999999996
1.1968000000000005
1.2192
0.8856000000000002
1.2176
1.1972
0.8360000000000005
0.8372000000000002
1.0794000000000001
0.9739999999999996
1.1981999999999993
1.1366000000000003
1.3277999999999996
1.1859999999999997
0.8981999999999999
1.4460000000000002
0.9419999999999998
1.0464000000000007
1.1124000000000007
0.9805999999999994
1.0801999999999996
0.8377999999999999
1.0652
1.1598000000000002
1.3004000000000002
1.2583999999999995
1.0409999999999995
0.8525999999999999
1.2198000000000002
1.0153999999999999
1.2868000000000002
1.1076000000000001
0.9526000000000002
0.9199999999999993
1.0794000000000001
0.9668000000000007
1.1007999999999998
1.1199999999999999
1.0655999999999997
0.89
1.09
0.9014000000000002
0.911
1.0283999999999995
1.0235999999999996
1.1194000000000002
1.2104
1.0358
0.8952000000000006
1.1054
1.0042000000000002
1.2127999999999999
0.9299999999999997
0.8184
1.1084000000000003
1.0181999999999995
0.8260000000000004
0.9621999999999998
1.0548
0.9328000000000004
0.8775999999999999
1.2142
1.0069999999999997
1.009800000000001
0.9512000000000007
1.1734
1.0452000000000006
1.0232
1.1131999999999997
1.0836000000000003
1.015
1.119
1.0322
1.1836000000000002
1.0663999999999993
0.8243999999999998
1.0814000000000006
1.0261999999999993
1.0346000000000002
0.8123999999999998
1.0343999999999995
1.3001999999999996
1.0747999999999998
1.165
1.1863999999999997
1.1171999999999995
1.0465999999999998
1.0194
0.9396
1.1731999999999996
1.0173999999999996
0.8598000000000002
1.0254
1.1174
0.9003999999999996
1.0354
1.0391999999999997
0.9429999999999998
1.1996000000000002
0.9377999999999999
0.9313999999999999
1.2063999999999995
1.0586000000000004
0.7210000000000001
1.0289999999999997
1.1075999999999995
1.2939999999999996
1.298799999999999
1.2704000000000002
0.9385999999999995
1.3285999999999998
1.3639999999999994
0.9710000000000002
1.1425999999999998
0.9946
1.1426
1.5231999999999997
0.8905999999999997
1.1750000000000005
1.2959999999999996
0.9206000000000004
1.3346
1.3783999999999994
1.3101999999999998
1.1171999999999993
1.456400000000001
1.2662000000000002
0.9366
1.3258
1.3361999999999998
0.9739999999999999
1.4449999999999994
1.1802000000000004
1.0694000000000004
1.8342000000000005
1.2484
1.2253999999999994
1.2982000000000002
1.3088000000000002
1.6441999999999999
0.9586000000000001
1.1009999999999993
1.3929999999999993
1.3752000000000002
1.6261999999999994
1.4848000000000001
1.1832000000000003
1.6603999999999997
1.2479999999999993
1.2710000000000001
1.9478
1.3074000000000001
1.4639999999999993
1.5086000000000004
1.4244000000000008
1.6750000000000005
1.2154000000000003
1.1927999999999996
1.6470000000000007
1.7881999999999993
1.2915999999999996
1.5849999999999997
1.5524
1.6628000000000003
1.4406000000000008
1.7666000000000002
1.3026000000000002
1.3108000000000004
1.2806
1.3736000000000004
1.5051999999999994
1.3514
1.527
1.4647999999999997
1.2728000000000002
2.1646000000000005
1.2408000000000003
1.3473999999999995
1.7598000000000007
1.1833999999999991
1.2439999999999996
1.7027999999999996
1.8012000000000001
1.4207999999999998
1.6072
1.5642000000000005
1.5281999999999993
1.8746
1.5612000000000001
1.5220000000000011
1.7176000000000005
1.7482000000000009
1.6674000000000007
2.030800000000001
1.8831999999999995
1.5524
1.7131999999999996
1.3763999999999998
2.0138
1.8450000000000009
2.0711999999999997
2.1183999999999994
1.8166
1.6374000000000002
1.678
1.7835999999999996
1.8731999999999998
1.8665999999999994
1.9174000000000015
1.8138000000000005
1.7202000000000006
1.8604000000000005
1.7793999999999994
2.0006000000000004
2.3914000000000013
1.8381999999999983
2.5066000000000024
1.8765999999999996
2.466800000000001
1.9722000000000006
1.9195999999999995
2.5134000000000003
1.9669999999999996
2.4311999999999996
2.3192000000000004
2.359999999999999
2.1886000000000014
2.4418
2.581000000000001
2.3779999999999997
2.866799999999999
2.0677999999999996
2.4515999999999996
2.7765999999999997
2.215200000000001
2.0975999999999995
2.0591999999999997
2.1784
2.7878000000000007
2.1988
2.4056
2.9378000000000015
2.2488
2.1958
2.5528000000000004
2.5908
1.9168
2.5754000000000006
2.2696000000000005
2.0010000000000003
2.4594000000000005
2.5838000000000005
2.6108000000000016
3.032400000000001
2.5791999999999997
2.264399999999998
2.8862
2.6941999999999995
3.5803999999999996
2.964
3.0438000000000005
2.8616
2.9444000000000012
3.115799999999999
3.3101999999999987
3.633599999999999
2.9944000000000006
2.5620000000000003
3.0528000000000004
2.764199999999999
2.3989999999999996
2.837400000000001
2.8305999999999987
2.6135999999999986
2.6474
3.2781999999999996
2.618600000000002
2.4782
3.006199999999998
2.933200000000001
2.7840000000000007
1.8292
2.648399999999999
2.8526000000000007
2.9052000000000024
2.4128
2.728599999999999
2.1357999999999997
2.803600000000001
3.6270000000000016
2.7730000000000006
3.267000000000002
2.851599999999999
2.6598
2.081200000000001
1.9706000000000001
2.6492
2.9238000000000004
2.5566000000000013
3.024599999999998
2.9798
2.7341999999999995
3.015
2.5964000000000005
2.8152000000000026
2.705
3.1252000000000013
3.2256
3.4518
2.8024
2.2457999999999996
2.2018
3.0762
3.0518000000000005
2.7692
2.5904000000000003
3.2913999999999985
2.734199999999999
2.8356000000000017
2.9408
3.387399999999998
2.5902000000000003
3.6513999999999998
2.252600000000002
2.452400000000001
2.7878000000000003
3.6795999999999998
2.588399999999999
2.136600000000001
3.048200000000002
2.5623999999999993
3.0972000000000013
3.0385999999999984
2.845799999999999
2.1513999999999998
3.157799999999999
3.0736000000000008
2.624600000000001
3.072000000000001
2.6180000000000008
2.7800000000000007
2.8755999999999995
2.951799999999999
3.1077999999999992
2.257
3.3301999999999996
2.613400000000003
2.958999999999998
2.5602000000000005
2.3444000000000003
2.6346
2.0542
2.7733999999999988
3.0631999999999975
2.1984000000000012
2.6814
2.830400000000002
2.821800000000002
2.2568000000000015
2.8678000000000003
3.0276000000000005
2.701600000000001
2.6174000000000013
3.4098000000000006
2.9716000000000014
2.150399999999998
3.222199999999999
3.140799999999999
2.7855999999999987
2.5575999999999994
3.1697999999999995
2.8806
2.5682
2.765000000000001
2.8188
2.621599999999999
2.292800000000001
2.2721999999999993
1.9853999999999996
2.2234000000000003
2.9922000000000004
2.874799999999998
2.1942
1.9621999999999997
2.812199999999999
2.7767999999999997
2.744400000000001
2.8156000000000008
2.5871999999999997
2.2554000000000003
2.3892000000000007
2.9356000000000013
2.9437999999999964
3.156399999999999
2.6493999999999995
2.6477999999999997
2.2704000000000004
2.1564
2.7027999999999976
3.0996000000000006
2.3321999999999994
3.0534
2.049800000000003
3.7083999999999997
2.703600000000001
3.0616000000000008
2.4334000000000002
3.118000000000001
3.1171999999999973
3.526999999999999
2.7146
3.0633999999999992
3.0678
3.1656
2.5547999999999997
2.3811999999999993
2.3566000000000007
2.8068
3.0683999999999996
2.8186
2.508600000000001
2.536000000000001
2.4190000000000005
3.1651999999999982
3.6540000000000004
3.8322000000000016
2.9346000000000005
3.0410000000000004
3.0648000000000017
2.816399999999999
2.7778000000000005
3.9707999999999983
2.5662000000000007
3.054600000000001
2.3728000000000007
2.9162000000000012
3.4762000000000017
3.1199999999999988
2.5439999999999987
2.3237999999999994
2.743800000000001
3.0612000000000013
3.0378
2.6832000000000007
2.802599999999998
3.1986000000000003
2.715600000000001
3.0354
2.982999999999998
1.9827999999999995
2.222400000000001
2.783399999999999
3.1638
2.4726000000000004
2.9818000000000007
3.1398
2.3502000000000014
2.798000000000002
2.7014000000000005
2.709000000000001
3.793399999999997
2.8434000000000013
2.8985999999999996
2.4818000000000007
3.4093999999999998
3.232399999999999
3.1647999999999983
3.947399999999998
2.745799999999999
2.6356
2.4676
2.707000000000001
3.3828000000000005
3.0293999999999994
2.9213999999999993
2.928400000000001
2.8294000000000006
2.5871999999999997
2.9010000000000002
2.8654
2.5140000000000002
3.465399999999997
2.9063999999999974
2.9172000000000002
3.5786
2.7106
2.592800000000001
2.759400000000001
3.111399999999998
3.544199999999999
2.919600000000002
2.6963999999999984
3.0816000000000012
2.7923999999999993
3.3802
3.23
2.5111999999999997
2.7390000000000003
3.0433999999999997
2.980800000000001
2.8570000000000007
2.509799999999999
2.7134000000000005
2.8128000000000015
2.2571999999999988
2.8305999999999987
3.473000000000001
3.178800000000004
2.678399999999999
3.0555999999999988
2.758599999999999
1.8733999999999986
1.9285999999999996
2.3986000000000005
2.2772000000000006
3.0592000000000006
2.7948000000000004
2.981000000000001
2.9934000000000003
2.7721999999999993
2.2594
3.0805999999999996
2.8099999999999996
2.131199999999999
2.803599999999999
2.6274
2.8683999999999985
3.2649999999999992
3.067799999999998
2.7047999999999996
2.1178
3.057599999999998
3.299399999999999
3.012600000000001
3.295400000000003
2.7740000000000005
3.0125999999999986
3.0813999999999986
2.4784
3.1589999999999976
2.304
2.737800000000001
2.3526
3.0894000000000017
2.3938000000000006
2.6436000000000006
2.3236000000000008
2.7927999999999993
2.6834000000000002
2.6644
4.3279999999999985
2.638000000000001
3.1801999999999997
2.5976000000000004
2.2634
2.5721999999999974
3.7152000000000003
2.0161999999999995
3.0126000000000026
3.1453999999999978
2.6803999999999992
2.9094000000000015
3.7355999999999994
2.9666000000000015
3.8604000000000007
2.497999999999999
2.8894
3.1044000000000005
3.4760000000000004
2.2206000000000023
2.7774000000000005
2.764200000000003
2.9652000000000003
2.8564000000000003
3.2611999999999988
3.1537999999999986
2.2879999999999985
2.705800000000001
2.176599999999999
3.1222
2.5082000000000004
2.358400000000001
2.5120000000000005
2.9389999999999996
2.5052
2.6926
2.8612
2.6234
2.167199999999998
3.0060000000000016
2.99
2.4624000000000006
2.9359999999999986
2.103
4.216599999999999
3.202399999999999
2.800799999999999
2.7394
2.8078000000000003
2.7737999999999983
2.8671999999999995
3.3
2.5696000000000017
3.0155999999999996
2.7994000000000003
2.7184
2.7678
3.242000000000001
2.9486000000000003
3.1323999999999987
2.4434000000000005
3.0859999999999985
3.054200000000001
2.1527999999999996
2.4528000000000008
3.2014
3.0442
3.3564
2.6898000000000026
2.7658000000000005
3.1967999999999988
3.1241999999999996
3.5123999999999995
2.6538000000000013
2.5155999999999996
3.138
2.269800000000001
2.6935999999999996
2.935399999999998
2.1784
3.1044000000000005
2.6688000000000005
3.2987999999999995
2.4815999999999994
2.4083999999999985
3.4382000000000006
3.2639999999999993
2.7796
3.017
2.7788
2.4983999999999997
2.630600000000001
3.3479999999999994
3.6312000000000006
3.306400000000002
3.3722
3.4949999999999988
2.8978
2.6276000000000015
1.8618000000000001
2.7601999999999993
2.8698000000000015
3.2902000000000022
3.1062000000000016
2.4877999999999996
2.7460000000000004
2.8553999999999995
3.3012000000000006
2.4286000000000016
3.9293999999999984
2.9328000000000003
2.5032
2.8401999999999994
2.4852000000000007
2.806600000000001
2.906
2.8814000000000006
2.615000000000001
3.0389999999999993
2.6776000000000004
2.6202000000000005
2.5843999999999996
2.0335999999999985
2.909400000000001
3.2012
2.824399999999999
3.548399999999999
2.8645999999999985
2.9267999999999996
2.2840000000000007
3.1252000000000013
3.017199999999999
3.0687999999999978
2.4606
3.207600000000001
2.5780000000000007
2.834200000000001
2.7913999999999994
2.3630000000000004
2.9444000000000004
3.04
4.082400000000003
2.6043999999999996
3.2722000000000007
2.6354000000000015
2.7481999999999998
2.5466
3.1963999999999997
3.0569999999999995
2.5526000000000018
3.0168000000000017
2.439599999999999
2.7091999999999996
3.7929999999999997
3.189999999999999
3.0173999999999985
3.0416000000000003
1.9812000000000003
2.9421999999999984
3.0348
3.036999999999998
2.870399999999999
3.0510000000000015
2.4032000000000004
3.1628000000000025
3.0347999999999997
2.2520000000000002
2.7024
2.6772000000000005
2.9337999999999997
2.6504000000000003
2.794800000000001
2.6364
2.791599999999998
3.3235999999999994
2.6507999999999985
2.4840000000000004
2.7359999999999998
2.6944000000000012
2.3956000000000004
2.3291999999999993
3.2174
2.689800000000001
2.9148000000000014
2.985800000000001
2.491
3.8171999999999984
2.143199999999999
2.691200000000001
3.0835999999999983
2.6232000000000006
3.2864
2.802199999999999
2.4064
2.1006
3.957999999999998
3.4798
3.246000000000001
2.8229999999999995
3.0016000000000016
2.6822000000000012
2.5195999999999996
2.853200000000001
3.5366000000000017
3.1439999999999997
2.9744
2.7712
2.7963999999999993
3.4232
2.5544
2.448400000000001
3.642600000000002
3.1477999999999997
3.2562000000000015
2.472399999999999
2.906199999999999
1.9330000000000007
2.8852
2.328600000000001
3.4054000000000015
2.530799999999999
2.7730000000000015
3.2623999999999995
3.0962000000000014
3.299000000000001
3.109600000000001
3.3235999999999994
3.055200000000001
2.6826
2.6190000000000015
2.4981999999999993
2.7087999999999988
2.703599999999999
2.3232000000000013
2.7666000000000013
2.484399999999999
3.1658
2.595
2.8447999999999998
2.4741999999999993
2.839800000000001
3.3726
2.6638000000000006
2.7939999999999983
2.9468000000000014
2.5380000000000007
2.4306
1.9531999999999996
2.5254000000000003
3.0799999999999996
3.1256000000000017
3.5763999999999987
2.7187999999999994
3.611399999999999
2.5286000000000004
2.5073999999999996
2.9145999999999996
2.8342
2.5409999999999995
2.6635999999999997
3.265400000000001
3.362200000000002
2.8008000000000006
2.1759999999999993
2.095999999999999
3.2937999999999987
3.170800000000001
3.089199999999999
2.586799999999999
2.3224
3.491
3.3035999999999985
2.916199999999999
2.5836000000000006
2.4498
2.247
2.6524
2.6682000000000006
1.9903999999999993
2.6701999999999995
2.511800000000001
2.8920000000000003
3.1043999999999983
2.9098000000000015
3.011800000000002
3.0638000000000005
2.897800000000001
3.2725999999999993
2.624000000000001
3.267000000000002
2.681600000000001
2.998800000000001
2.231200000000001
2.3862000000000005
3.5030000000000006
3.2387999999999995
3.093400000000003
2.6304000000000003
2.982599999999999
2.536000000000001
3.3059999999999996
3.000200000000001
3.125400000000001
3.2404
2.9049999999999985
2.771400000000001
2.9151999999999987
2.3286
2.7542
2.7104000000000013
2.6068000000000007
3.347399999999999
2.6663999999999985
3.457600000000001
3.285200000000001
2.7758000000000025
2.7894
2.146199999999999
2.608399999999999
2.4678
2.547200000000001
2.720600000000001
2.825000000000001
2.8175999999999983
2.7592000000000008
2.502
2.7970000000000015
2.6036000000000006
2.943199999999998
2.6006
3.0450000000000017
2.6828000000000016
3.2472000000000003
2.7194
3.1058000000000017
3.7117999999999993
3.785200000000001
2.6759999999999997
2.8235999999999994
2.6847999999999996
2.9734000000000007
2.7366
3.0383999999999998
3.529400000000001
3.2500000000000013
2.3916
2.6343999999999994
3.265200000000001
2.5270000000000006
2.8030000000000017
2.9284000000000003
3.086800000000001
2.7579999999999996
2.8931999999999998
3.2676000000000003
3.189999999999998
2.4339999999999993
2.2647999999999997
2.8985999999999983
2.8384000000000005
3.327400000000001
2.9211999999999994
3.1161999999999996
2.8785999999999996
3.253600000000002
2.6584000000000003
3.0587999999999997
2.4734000000000003
2.4774000000000003
3.2572
2.7
3.3914000000000004
2.7992000000000004
2.5044
2.686800000000001
2.8418000000000023
2.6032000000000006
3.108399999999999
2.7285999999999997
1.7741999999999987
2.7560000000000016
2.588599999999999
3.223999999999997
2.878599999999999
2.896800000000001
2.518200000000001
2.5616000000000008
2.807000000000001
2.6298000000000004
3.2843999999999993
3.0668
2.475800000000001
3.3251999999999997
3.239999999999999
3.2381999999999995
2.352
3.0763999999999982
2.494399999999999
2.9577999999999993
3.043799999999999
2.7113999999999994
3.0608000000000004
3.117199999999999
2.7649999999999983
3.062400000000001
3.2921999999999985
3.308199999999999
1.6915999999999998
2.8785999999999983
2.125199999999999
2.2836000000000003
2.7272000000000003
2.676200000000002
2.7678
2.5365999999999995
2.6154000000000024
2.653200000000001
3.1075999999999984
2.8720000000000017
2.8898
2.4868
2.8409999999999993
3.048599999999999
2.4562000000000013
2.520000000000001
2.6521999999999997
2.5517999999999996
2.6128000000000005
3.302399999999995
3.4697999999999984
3.1891999999999996
3.0537999999999994
3.5191999999999983
2.4428
3.5600000000000005
3.8648
2.8345999999999982
2.4738000000000016
2.8376
3.5039999999999996
2.9262
2.4866
3.2280000000000006
3.086800000000001
2.8997999999999977
2.4486000000000008
2.9742
2.3453999999999993
2.670600000000001
3.4494000000000007
3.043800000000001
2.7954000000000008
3.111799999999998
1.959
2.7929999999999997
2.6085999999999996
2.4944000000000006
2.9580000000000024
3.371399999999998
3.479399999999997
2.8474000000000017
3.049399999999998
3.1301999999999994
2.5882000000000005
2.6045999999999996
3.297800000000001
2.5887999999999995
2.683600000000002
2.8051999999999992
2.678400000000001
3.2486000000000015
3.3611999999999984
2.875999999999999
3.018399999999998
3.1749999999999994
3.4560000000000004
2.8446
3.187999999999996
3.3189999999999973
3.179000000000002
2.1502
2.3575999999999997
3.1391999999999998
2.9005999999999994
3.251999999999998
2.502799999999998
2.692799999999999
3.1705999999999994
2.4755999999999987
3.3613999999999997
2.2834000000000008
2.4247999999999994
2.6746
3.511
3.2842000000000025
3.0929999999999995
3.3526000000000007
3.2344
2.8215999999999997
3.3469999999999995
3.3263999999999987
2.7587999999999995
2.6194
2.8377999999999988
2.3091999999999997
3.0495999999999994
2.5987999999999998
2.8445999999999994
2.6639999999999997
3.2975999999999988
2.2516000000000016
3.1908
3.4934000000000016
2.6136
2.3626000000000023
3.3042000000000007
3.503800000000002
2.2430000000000003
3.124000000000001
2.8368
2.8867999999999974
3.4235999999999995
2.133
3.502000000000001
2.723199999999999
2.464399999999999
2.877599999999997
2.968
2.742000000000003
2.783800000000002
3.5988000000000024
3.0068000000000006
3.094999999999999
2.9842000000000013
2.924399999999998
2.963400000000001
3.5658
3.0260000000000002
2.923999999999999
3.1518
2.8967999999999994
3.8499999999999996
2.7058000000000004
2.2622000000000004
3.1536
2.9397999999999986
2.648199999999999
2.5292
3.0676000000000005
2.833000000000002
3.195
2.7346000000000004
2.855800000000002
2.5256000000000007
2.607800000000002
2.8680000000000008
3.2968000000000006
3.4749999999999996
2.4812000000000007
2.1226
3.0300000000000007
2.681000000000001
3.7235999999999985
2.572200000000001
3.7369999999999988
3.0382
2.6853999999999996
2.5218000000000007
2.665999999999999
3.0494000000000003
3.060200000000001
2.237399999999999
3.274200000000001
2.6322
2.648600000000002
2.6774
2.9512000000000014
3.2825999999999986
2.986999999999999
2.6002000000000023
3.0085999999999995
2.6030000000000006
2.864200000000001
2.8419999999999983
2.2128
2.5896
2.454999999999999
2.7572
2.8291999999999997
3.086000000000001
2.4768000000000003
2.8336
2.691800000000003
2.8776000000000024
2.5623999999999993
3.437800000000002
2.8773999999999997
2.5986000000000002
3.3254000000000006
2.648199999999999
3.6584000000000017
2.059600000000002
3.5011999999999994
2.5625999999999993
2.4826000000000015
2.5740000000000003
3.2594000000000007
2.6262
3.361199999999999
2.5042000000000004
2.7994000000000017
2.5178
2.8720000000000017
2.4855999999999985
2.504400000000001
2.6919999999999997
3.1737999999999977
2.7072000000000007
2.8979999999999997
2.6742000000000004
2.9636000000000022
2.809
3.3067999999999977
2.8799999999999994
2.685799999999999
3.0762000000000014
3.437400000000003
3.2180000000000013
3.606
2.9
2.954199999999999
2.8413999999999997
2.836999999999999
2.9006000000000007
2.8996
2.6772000000000005
2.6338
2.7700000000000014
2.978399999999999
2.9376000000000007
2.6277999999999997
2.679999999999999
2.472999999999999
2.2068000000000003
3.3562
2.2601999999999993
3.3281999999999994
2.7001999999999997
2.7907999999999986
2.8819999999999983
2.6049999999999995
2.9005999999999994
2.635799999999999
2.9913999999999983
2.624000000000001
3.0104000000000015
2.8810000000000002
3.2036000000000007
2.3266000000000018
2.672800000000001
3.4986
2.9090000000000007
2.995
3.2902000000000045
2.552200000000001
2.692800000000001
3.0180000000000002
3.1419999999999977
3.3379999999999983
2.947199999999998
2.6569999999999987
2.5828
2.6524000000000014
2.8905999999999996
1.9884000000000013
3.547799999999998
2.9445999999999994
3.027000000000003
3.066200000000001
3.4851999999999994
2.551800000000001
2.8034
3.5597999999999983
2.662399999999999
3.038599999999998
2.5131999999999994
2.581600000000002
2.9468000000000005
2.5636
2.8295999999999997
2.9294
3.481800000000001
2.9962000000000018
2.646600000000001
3.086799999999999
2.2752000000000008
2.8842000000000008
3.2132000000000005
2.3327999999999993
2.439800000000001
2.7189999999999994
2.6456000000000004
2.581400000000001
3.5768
3.5828
1.9806000000000004
3.317200000000001
2.0558000000000005
3.6532000000000004
3.3054000000000006
2.491399999999999
3.2363999999999997
2.7828000000000004
4.1856
3.3512000000000017
2.6384
2.9859999999999998
2.4982000000000006
2.434600000000002
2.3688000000000007
2.9749999999999996
2.7059999999999995
2.8004000000000002
3.1754
3.0204000000000018
3.0758000000000005
3.5383999999999984
2.206399999999999
2.9409999999999985
1.7512000000000012
3.1251999999999986
3.2182000000000004
2.9575999999999993
2.9115999999999995
2.6837999999999997
3.0714000000000006
2.7751999999999994
2.8045999999999998
2.9495999999999993
2.9676
2.5700000000000016
3.059800000000002
2.55
2.7151999999999994
3.1595999999999997
2.8763999999999985
2.2272
3.0282000000000004
3.0503999999999984
3.5900000000000007
3.0826
2.713400000000001
2.7328
2.266000000000001
3.3200000000000016
2.5126000000000017
2.6414
2.4755999999999987
2.3012
3.4767999999999994
2.4032000000000004
2.2064000000000004
2.4656000000000002
3.131599999999998
2.6584
2.3682000000000003
2.9989999999999988
3.0026000000000006
2.5670000000000006
3.170200000000001
2.6282000000000014
2.4226
2.1126000000000005
2.5639999999999996
2.6262
2.6538
3.2902000000000022
2.7732000000000006
2.8106
2.604000000000001
2.984
2.9547999999999996
3.035600000000001
3.029
2.3988000000000005
2.945000000000001
3.1506
2.7983999999999996
2.6138000000000003
2.289
2.3364000000000003
1.7912000000000006
3.017200000000001
3.1178
2.663999999999999
2.728599999999999
2.4986000000000015
2.9312
2.252400000000001
2.8569999999999998
2.4023999999999996
2.946399999999999
2.2478000000000007
3.0579999999999985
3.0422000000000016
3.0147999999999997
3.457999999999999
3.5777999999999985
2.633799999999999
2.2613999999999987
3.1394
3.0991999999999997
3.456999999999999
2.983599999999999
3.2029999999999994
2.998999999999999
2.9030000000000005
3.5513999999999997
3.2329999999999983
2.7879999999999994
2.9444
2.7588
3.1768
2.1035999999999992
3.0438000000000005
2.562000000000001
2.149400000000001
3.2269999999999985
2.928599999999999
3.1207999999999982
3.0045999999999986
3.2829999999999977
2.6702
2.2960000000000003
2.1832000000000003
2.6178000000000012
3.446599999999998
2.987399999999999
2.6572000000000005
3.403999999999999
2.7446000000000015
3.560999999999999
3.043400000000001
2.2351999999999994
2.81
2.5976000000000004
2.3112000000000013
3.1889999999999996
3.1600000000000006
2.2567999999999993
3.384400000000001
2.654
2.7388
2.287200000000001
3.1007999999999987
3.0150000000000006
2.658
2.6368000000000005
2.945800000000001
2.739600000000001
2.8971999999999993
3.2344000000000004
2.9784000000000015
2.6316
3.7020000000000017
2.5273999999999996
3.506
2.766800000000001
3.1472
3.791599999999998
2.460199999999999
2.654200000000001
3.439600000000001
3.4983999999999997
3.0066000000000006
1.932
2.5480000000000014
2.6969999999999987
2.590200000000001
3.212199999999998
2.8571999999999997
3.080200000000001
2.6289999999999996
2.9863999999999997
3.0928000000000013
2.536000000000001
3.3729999999999984
2.3430000000000004
3.551399999999999
2.292599999999999
3.1688000000000005
2.4592000000000014
2.627599999999999
2.488999999999999
2.8137999999999987
2.8458000000000014
3.1494000000000004
2.6812
2.715799999999998
2.6645999999999996
2.362400000000001
3.7566000000000024
3.621800000000001
3.0447999999999995
2.9644000000000013
3.6425999999999976
2.4183999999999997
2.9187999999999987
3.2904
2.859999999999999
3.0622
3.7146000000000003
2.7516
2.1785999999999994
2.8461999999999996
2.8387999999999987
2.495600000000001
3.468199999999998
3.7908000000000017
2.7908
2.6329999999999982
3.6693999999999996
2.4686000000000017
2.7098
2.742400000000001
2.688999999999999
2.681400000000002
3.1610000000000027
2.5836000000000006
2.5077999999999996
3.4799999999999995
3.3046
2.1113999999999993
2.8198000000000008
3.103599999999999
3.0664
2.5524000000000004
2.1862000000000013
3.168399999999999
2.681000000000001
2.7714000000000003
2.8184000000000005
2.795800000000002
3.319199999999999
2.942599999999999
2.886000000000002
2.843400000000002
3.105199999999999
3.5018000000000007
2.870000000000002
2.7721999999999998
3.0553999999999997
2.6727999999999996
2.6778000000000004
2.8055999999999996
3.236800000000002
2.4132000000000007
2.755400000000001
2.5026000000000006
3.1369999999999982
3.721199999999998
2.6051999999999986
3.0155999999999996
3.7840000000000003
3.6736
3.3732000000000024
2.9914
3.5946000000000016
2.1908000000000003
2.0901999999999994
3.1752
2.682400000000001
2.366399999999999
2.7770000000000015
3.1805999999999983
2.7018
2.9926000000000013
2.9334
2.8474
2.5826
2.451399999999999
3.7400000000000007
3.3699999999999983
2.821599999999999
2.4708000000000006
2.8326000000000007
2.652000000000001
3.1304000000000003
2.645999999999999
2.9497999999999998
2.5310000000000006
3.4061999999999997
2.4219999999999997
2.4242000000000012
3.916199999999999
3.1830000000000007
2.787799999999999
2.7664000000000004
3.3911999999999978
3.5975999999999986
2.219
3.5136000000000007
2.5185999999999993
3.0385999999999984
2.5448000000000004
3.0594000000000006
2.979199999999999
3.070600000000001
2.883000000000001
3.0222
2.6228000000000007
3.2567999999999997
3.058200000000003
2.7062
2.9852000000000016
2.7028000000000003
2.9716000000000014
3.1821999999999986
2.8986
2.6520000000000006
3.1754
2.4088000000000007
2.4996
2.937999999999999
2.9279999999999995
3.5251999999999986
2.8745999999999983
2.337600000000001
2.0092
2.429200000000001
2.71
2.478200000000001
2.9429999999999983
3.023599999999999
2.4170000000000003
2.7403999999999997
2.5262000000000002
3.0886000000000013
2.9338000000000006
3.642799999999998
2.9813999999999994
2.7758000000000003
2.7898
2.4237999999999995
2.9218
2.6867999999999994
3.075599999999999
1.9066000000000005
3.6397999999999993
3.399200000000001
1.998200000000001
2.968000000000001
2.4163999999999985
2.9776
2.5222000000000007
2.5176
3.0063999999999997
3.04
2.789000000000001
2.410400000000001
2.9189999999999987
3.1692000000000022
2.7468
2.4899999999999975
2.3942000000000005
2.776
2.5554000000000006
2.4288
2.128800000000001
3.0221999999999993
2.447599999999999
2.7200000000000006
2.8505999999999996
2.8874
2.7812000000000006
2.7732000000000014
2.8536000000000015
3.278799999999998
2.296799999999999
2.862
2.9828000000000015
3.4632000000000005
2.505600000000002
2.801999999999999
3.778400000000001
2.2525999999999993
2.226
3.5964000000000005
3.2409999999999997
2.544600000000001
2.3388000000000013
2.278199999999999
3.3065999999999987
2.814200000000001
2.851799999999999
3.6569999999999987
2.777599999999999
2.2320000000000007
3.0828000000000015
2.6286000000000005
3.3553999999999995
2.974
2.4766
2.4398
2.0470000000000006
2.1012000000000004
2.3861999999999988
3.3422
3.2212000000000005
3.183799999999999
3.182200000000001
2.4346
3.2007999999999988
3.240399999999998
2.943
2.511600000000001
3.0250000000000004
2.5653999999999995
2.8390000000000004
3.3662000000000005
2.3824000000000005
2.570999999999998
2.6068000000000007
3.1450000000000014
2.4322000000000004
2.7484
3.592799999999998
2.985999999999999
2.7927999999999997
2.9707999999999988
3.279200000000001
2.237600000000001
2.6146
2.5381999999999993
2.3490000000000006
2.716800000000001
2.334000000000001
2.7126000000000006
2.7612
2.5992000000000006
3.246000000000001
3.1010000000000026
2.4695999999999994
2.7212000000000005
2.8009999999999997
2.8838000000000013
2.7045999999999992
4.1194
2.683000000000001
2.9045999999999985
2.4307999999999996
2.838
3.0612000000000017
3.2390000000000017
2.8579999999999997
2.5455999999999994
2.0594
2.968400000000001
2.992200000000001
3.1467999999999994
2.2653999999999996
2.5526
2.4170000000000003
3.1601999999999997
3.4355999999999995
3.0334
3.243599999999999
2.7263999999999995
2.7028
3.0534
3.0326
3.2958000000000003
2.8716000000000004
3.339600000000001
3.1263999999999994
2.736199999999999
3.014000000000001
2.705399999999999
3.1075999999999984
3.021600000000002
3.663599999999999
2.8638000000000017
2.6784000000000017
3.629400000000002
2.794200000000001
2.209400000000002
3.1343999999999994
3.099799999999998
3.2859999999999996
3.100600000000002
3.344400000000001
3.6957999999999993
3.2595999999999994
3.017200000000001
2.754000000000001
2.611999999999999
2.5759999999999996
2.9212000000000002
3.1087999999999996
2.5132000000000003
2.3680000000000008
2.5618000000000025
3.3051999999999997
2.2990000000000017
2.531800000000001
2.649600000000001
2.7312
3.273199999999999
2.6434
3.3057999999999983
2.6082
2.2706000000000004
2.7066000000000003
2.797800000000001
2.9884000000000013
3.051200000000001
2.623
2.5034
2.995800000000001
2.4863999999999997
2.4607999999999994
2.160799999999999
2.6759999999999993
2.2918000000000016
3.3445999999999985
2.643999999999999
2.582
3.2967999999999984
3.022000000000001
2.1328000000000014
2.4186
2.619000000000001
3.2535999999999983
2.625800000000001
3.3185999999999996
3.2672
2.5932000000000004
3.0214000000000003
3.5080000000000013
2.8492
2.642999999999999
2.631
3.7516
2.5234000000000005
3.046799999999999
2.602400000000001
3.0740000000000003
2.4281999999999995
3.2542
3.513599999999999
3.037999999999997
2.435199999999999
2.4759999999999995
3.1044000000000005
3.2129999999999983
2.8203999999999976
3.077400000000001
3.172799999999998
2.7607999999999993
2.8318000000000008
2.245
3.0983999999999994
2.9023999999999996
3.6779999999999977
2.8775999999999997
2.98
2.3379999999999996
2.8895999999999997
3.143999999999999
2.169199999999999
3.1326
2.392200000000001
2.9608000000000003
2.675399999999999
3.1208000000000027
2.5052000000000008
2.2488
2.1184000000000007
2.826799999999999
3.2689999999999992
2.971599999999999
2.5212
2.7629999999999977
2.8254
2.4939999999999993
2.9982000000000024
2.6738
2.6867999999999985
3.751399999999998
2.7228000000000003
2.573400000000001
2.777600000000001
3.4409999999999985
3.5384
3.0736000000000003
3.169999999999999
2.9957999999999987
2.6346000000000003
2.989399999999998
3.649799999999999
2.2081999999999997
2.6153999999999993
2.809600000000001
2.6112
2.6118
2.4136
2.9982000000000006
2.7500000000000013
3.0275999999999987
3.5556
2.372
2.5122000000000004
2.5701999999999994
2.3127999999999997
3.4439999999999986
2.7385999999999995
2.4345999999999997
3.2063999999999995
2.2041999999999997
2.067400000000001
2.4771999999999994
2.7532000000000005
3.4834000000000005
2.5724
2.9948
3.2848
2.8494
2.657200000000002
2.9617999999999993
2.6806
3.2015999999999996
2.7765999999999993
3.1796
3.0302000000000002
2.156199999999999
2.8459999999999996
2.805600000000001
2.7476
2.6070000000000015
2.1030000000000015
2.826000000000001
2.057000000000001
2.687800000000001
2.967600000000001
3.0804000000000027
3.1663999999999994
3.1125999999999987
2.429799999999999
3.2467999999999986
2.5145999999999997
3.122200000000001
2.444000000000001
2.994400000000001
3.063399999999999
2.6603999999999997
2.9734000000000007
2.6872000000000003
2.6464
2.9128
2.7296000000000005
3.3486000000000002
2.3734
3.118200000000001
2.6368
2.860400000000001
3.453799999999999
2.734599999999999
2.595800000000001
2.4814000000000003
2.543799999999999
2.3846000000000003
2.962200000000001
3.0042
3.0670000000000015
2.7510000000000012
2.6963999999999997
2.9063999999999997
3.561199999999999
2.347199999999999
2.803
3.543599999999999
2.249199999999999
2.7432
2.9847999999999986
2.039600000000001
3.256799999999998
2.8899999999999992
2.792400000000001
2.9172
1.9020000000000004
2.395800000000001
3.0162000000000004
2.919200000000001
2.622200000000001
2.9803999999999977
3.407399999999998
2.8157999999999994
2.724800000000002
3.127600000000001
3.2637999999999994
2.4772
3.0690000000000004
3.0976000000000017
2.7942
3.0866000000000016
3.772400000000001
3.2231999999999976
3.5052
3.2798000000000003
2.5418000000000003
3.948399999999999
2.8440000000000007
3.3780000000000006
3.2283999999999993
2.7086000000000006
3.2653999999999996
2.7258000000000004
3.1796
2.5884000000000014
2.603399999999998
2.6599999999999984
2.405800000000001
2.6459999999999986
3.4823999999999984
2.0218000000000003
3.163600000000001
2.4532000000000007
3.2382000000000017
2.6457999999999995
2.9559999999999995
2.4995999999999996
3.1362
3.3848000000000003
3.0907999999999998
2.215800000000001
3.1539999999999986
3.4229999999999983
3.688400000000001
2.9868000000000006
3.581399999999998
3.3889999999999993
2.9691999999999994
2.8596000000000004
3.3390000000000004
2.8340000000000005
2.8266000000000013
3.1750000000000016
2.5497999999999994
2.5664000000000002
3.093400000000001
2.7642
2.8080000000000007
2.978200000000003
2.8950000000000005
2.693000000000002
3.117999999999999
3.9153999999999995
2.827399999999999
3.1091999999999995
2.650399999999999
2.9131999999999993
2.460999999999999
2.9858000000000002
3.1085999999999996
2.7988000000000004
2.3158
2.8753999999999986
3.028400000000001
2.7394000000000016
3.657600000000001
2.488000000000001
2.9602000000000004
3.1840000000000015
3.0041999999999986
2.2167999999999988
2.809199999999999
2.5143999999999997
3.4246000000000003
2.4537999999999993
3.0125999999999995
2.8522000000000003
2.4451999999999976
3.2177999999999995
2.9426000000000005
3.855799999999998
2.7151999999999976
3.1452
3.151200000000001
2.1379999999999995
2.444599999999999
2.311200000000001
2.9256000000000006
3.5997999999999992
2.4548000000000005
2.9224000000000006
2.393199999999999
2.3049999999999993
2.8136
3.374800000000001
2.6671999999999993
2.9814000000000003
2.4238000000000013
3.5073999999999987
2.8636
2.7522000000000015
2.3572000000000006
3.1009999999999986
2.3604000000000003
2.4932000000000003
2.988600000000001
3.1892000000000014
2.713200000000001
3.318999999999999
2.2935999999999996
2.560599999999999
2.7618000000000014
3.5596000000000005
3.257600000000002
2.9629999999999996
2.6812000000000014
2.8815999999999975
2.8629999999999995
3.5825999999999976
3.279799999999999
3.101600000000001
2.7461999999999995
2.8160000000000007
3.553799999999998
2.513400000000001
3.1011999999999977
2.5427999999999997
2.8167999999999993
3.2828
2.8106000000000004
3.5974000000000013
2.6014
2.512600000000001
3.3214000000000006
2.9177999999999984
2.6426
3.259800000000002
2.9339999999999993
2.8710000000000004
2.686999999999999
3.189199999999999
3.301
2.7502000000000004
2.2090000000000005
2.5870000000000006
3.159000000000002
2.5132000000000003
3.068000000000002
2.1266
2.5011999999999985
3.4716000000000014
2.6677999999999997
3.2971999999999984
2.9502000000000006
3.092799999999999
3.5206000000000017
2.2826000000000004
3.135800000000001
2.8572000000000006
2.7598000000000003
2.3296000000000006
2.7018000000000013
2.6520000000000015
2.5198
2.4352
2.517
2.5931999999999995
3.1319999999999983
2.831599999999999
2.545800000000001
3.145999999999999
3.0617999999999994
3.1986000000000017
2.909999999999999
3.2218000000000013
2.7818000000000005
2.4332
2.714199999999999
2.790800000000001
3.1527999999999987
2.8478
2.6140000000000008
3.1029999999999998
2.4390000000000014
2.8143999999999996
2.6628000000000003
2.8931999999999984
2.8621999999999987
2.6236000000000015
2.6723999999999988
3.7204000000000015
2.4794
3.0140000000000002
2.9181999999999984
2.9899999999999993
3.2918000000000025
2.9029999999999996
2.1690000000000005
3.0332000000000003
2.827199999999999
2.65
2.4958
2.7794
2.5158000000000005
3.171999999999999
2.1535999999999995
3.5943999999999976
2.2023999999999986
2.780800000000001
2.7910000000000013
2.6283999999999987
3.4333999999999985
2.977
2.735400000000001
3.3841999999999994
3.38
3.298600000000001
2.8944000000000005
3.295600000000001
2.6809999999999996
2.6686
3.575
2.1812000000000014
2.8931999999999998
2.8695999999999993
3.2062000000000017
3.5563999999999987
2.7170000000000005
2.7094
2.872600000000001
2.9490000000000003
3.414000000000002
2.667800000000002
2.2176
3.4735999999999994
2.6722
3.2804000000000006
2.7085999999999997
3.3336
2.9729999999999985
3.5344000000000007
3.4392000000000014
3.5339999999999994
3.3042000000000002
2.414000000000001
2.4792
3.3386
2.2898000000000014
2.7324000000000006
3.799
3.9647999999999994
3.5980000000000016
2.9116000000000004
3.0144
3.9816000000000007
3.674
3.499200000000002
3.2988000000000017
2.5476000000000014
3.0414000000000017
3.102600000000001
3.111
2.6963999999999997
2.9934000000000003
3.214999999999999
3.203200000000001
2.9364000000000003
2.3100000000000005
3.3021999999999996
2.6278
2.469200000000001
3.3539999999999974
3.292800000000001
3.319200000000001
2.815400000000002
3.4387999999999987
2.3361999999999994
3.881400000000001
2.9214000000000033
3.2668000000000013
2.9092000000000007
2.4552000000000005
2.0939999999999994
3.039799999999999
2.5878
2.6397999999999997
2.8682000000000016
2.5294000000000003
2.337800000000001
3.4795999999999996
3.5664000000000002
2.8626000000000005
2.9242000000000004
2.7899999999999996
3.0228000000000015
2.5992000000000024
3.2443999999999993
3.5270000000000015
2.8164000000000002
2.7464000000000004
3.266199999999998
2.8538000000000006
2.6356000000000006
2.5488000000000013
2.433000000000001
2.7190000000000025
2.1096
3.6658
2.6890000000000014
2.733599999999999
2.533399999999999
3.1487999999999983
2.9347999999999996
2.6447999999999996
2.2523999999999997
2.6932000000000005
2.2638000000000003
3.2268000000000012
3.5230000000000015
3.0883999999999983
2.1951999999999994
3.147400000000001
3.3886000000000034
2.981800000000001
2.5799999999999996
2.8718
3.1069999999999975
3.5612
2.099
3.0839999999999996
2.6890000000000005
2.5080000000000005
3.0344000000000007
2.7126000000000006
2.390400000000001
2.3850000000000007
3.2574000000000005
2.6910000000000007
3.0683999999999996
2.764600000000001
2.7476000000000016
2.6167999999999996
2.387000000000001
3.8620000000000005
2.6438
2.9267999999999983
3.263399999999999
2.5041999999999995
3.0306
3.5513999999999997
2.6928000000000014
2.982600000000001
2.9292000000000002
2.2298
2.5666000000000015
3.6998
2.6238000000000006
2.170000000000001
2.3677999999999972
2.6388000000000007
3.4416000000000015
3.2723999999999984
2.985400000000001
2.2587999999999995
3.2344000000000026
3.1351999999999993
2.732600000000001
2.6348
2.4730000000000016
2.421
2.4822000000000024
2.3479999999999994
2.7498
2.958400000000001
2.397400000000001
2.8111999999999995
2.680600000000001
3.7710000000000012
2.903400000000001
2.5644
2.7540000000000004
2.3514000000000004
1.9974000000000016
2.961000000000001
2.796400000000002
2.8455999999999992
2.7963999999999993
2.9914
2.3718000000000012
2.3674
3.4779999999999984
2.9962000000000004
2.428799999999998
2.9758
2.944200000000001
2.3808
3.0540000000000007
2.5991999999999997
3.1442
2.4978000000000002
3.1962
2.426800000000001
2.5015999999999985
2.8274
2.9724000000000013
2.7412000000000005
2.2927999999999984
3.1174000000000013
2.5312
3.4241999999999995
3.2089999999999996
2.787999999999999
2.7381999999999995
3.536800000000002
3.266599999999999
3.1271999999999993
3.212000000000001
3.1544
2.9226
3.1970000000000023
3.2073999999999994
2.8294000000000006
2.7135999999999996
4.0120000000000005
2.4302
3.3102
2.670599999999999
2.797000000000001
2.8625999999999987
3.667600000000001
3.9978000000000007
2.7588000000000004
2.7990000000000004
2.7082000000000006
3.2461999999999995
4.236599999999998
2.8931999999999993
2.516799999999998
2.4130000000000003
2.933599999999999
2.5109999999999983
2.7588000000000004
2.6238000000000006
2.7127999999999997
3.038000000000001
2.6208
2.8098
3.096600000000001
3.2316000000000007
2.9189999999999983
3.4086000000000003
3.2872000000000026
3.5422000000000002
3.5054000000000025
2.8048
2.286199999999999
2.8248000000000006
2.3758
4.227399999999999
2.7473999999999994
3.445200000000002
2.4612
3.1397999999999997
2.659
3.2535999999999996
2.405400000000001
2.4586000000000006
2.0399999999999996
3.760000000000001
3.467999999999997
2.527600000000001
3.1490000000000005
2.866799999999999
2.205400000000001
2.7366
3.015600000000001
2.9812
3.1409999999999996
2.4534000000000002
3.1799999999999993
3.2192000000000003
2.5578000000000003
2.5162
2.1958
2.9667999999999997
2.546400000000001
2.6668000000000003
2.510400000000003
2.4768
3.141000000000001
2.4414
3.0551999999999997
2.790200000000001
3.241800000000002
2.4828000000000015
2.9044
2.9426
2.6886000000000005
3.427600000000002
3.2333999999999996
2.101000000000001
3.1544
2.7936
3.572200000000001
2.8218000000000014
2.8902000000000005
3.290400000000001
3.0551999999999992
3.0125999999999986
3.0682000000000005
2.6610000000000014
3.555
2.3796000000000013
2.947000000000001
3.3162000000000003
2.864600000000001
2.5908
2.9376000000000007
3.8020000000000014
2.0890000000000004
2.5078000000000005
3.2088000000000005
2.195800000000002
3.1576000000000017
3.1246000000000027
3.8056
2.717399999999999
3.4230000000000023
3.2532
2.8122000000000007
3.5898000000000003
2.2838
3.088999999999999
2.4589999999999996
3.100600000000002
2.807999999999999
2.300400000000002
2.5406000000000013
2.7167999999999997
2.8821999999999997
2.7676
2.7934
2.663200000000001
3.3928000000000007
2.6314000000000015
3.153399999999999
2.4017999999999997
2.654200000000001
3.355200000000001
3.367799999999998
2.5871999999999993
2.7908
2.630399999999999
3.2220000000000004
2.528200000000002
2.940800000000001
3.5084000000000004
3.7876000000000003
3.2254
2.6473999999999993
2.637399999999999
3.2648000000000015
3.3276000000000003
2.7292000000000005
2.7750000000000017
2.8235999999999986
3.2394000000000007
3.108399999999999
2.7090000000000005
2.5883999999999996
2.8360000000000007
2.952599999999998
3.2209999999999996
2.112600000000001
2.8391999999999995
2.866999999999998
2.4495999999999984
2.655600000000001
2.951000000000002
2.956000000000001
3.1968000000000005
3.377599999999999
2.3853999999999997
2.397999999999999
2.906399999999999
3.0107999999999997
2.6273999999999997
3.1979999999999995
2.8779999999999997
2.1606000000000005
3.3708000000000005
3.307599999999998
3.160999999999999
3.089799999999998
2.8288000000000006
2.0996000000000006
2.8043999999999993
3.3876000000000035
2.8709999999999987
2.6256000000000004
2.3629999999999987
2.3622000000000005
3.1590000000000007
2.019000000000001
2.8059999999999996
3.1888
3.611800000000001
3.222200000000002
2.3656
3.823200000000002
2.151800000000001
3.4343999999999992
3.412000000000001
2.4734000000000003
3.1520000000000006
2.6741999999999995
2.7996
3.3253999999999997
3.955000000000001
2.9904000000000024
3.0714000000000006
2.8404
3.054400000000003
2.5350000000000006
2.6862
2.376199999999999
3.318599999999999
2.9748000000000023
3.096799999999999
2.9536
3.576400000000001
3.0374000000000017
2.193999999999999
2.757600000000001
3.474200000000002
3.4881999999999986
3.226199999999999
2.886400000000001
2.8771999999999984
3.103
2.9712
3.506600000000002
2.893800000000001
3.160000000000001
2.745000000000002
2.7144000000000004
2.5383999999999998
3.102000000000002
3.133799999999999
3.009600000000002
2.0244000000000013
2.4604000000000004
2.9762000000000013
2.7672
3.105200000000001
3.241799999999999
2.9977999999999985
2.269800000000001
2.3157999999999994
2.3956000000000004
2.9949999999999983
2.4204000000000008
2.8222000000000005
3.0876000000000006
2.503200000000001
3.5482
2.7789999999999986
2.6313999999999993
3.2408000000000015
3.196
2.6308000000000016
2.5228000000000024
2.969
2.6390000000000002
3.8042000000000002
2.8546000000000005
2.6804
2.6652000000000013
3.0225999999999993
2.8866
3.3117999999999994
2.9208
3.3830000000000013
2.5169999999999995
3.0722000000000014
3.2530000000000006
3.928400000000001
3.285200000000002
2.8480000000000008
2.7952
2.7030000000000016
3.0378000000000016
3.1475999999999997
3.823399999999999
2.9241999999999995
2.0578
2.8528000000000002
3.5172000000000003
3.109799999999999
3.147800000000001
2.560199999999999
2.8861999999999983
3.0828000000000033
3.0935999999999986
3.0002
3.6926000000000023
2.9761999999999995
2.9117999999999995
2.9728000000000008
2.262800000000001
2.669999999999999
2.186400000000001
2.6255999999999995
2.7762000000000007
2.831200000000001
3.046799999999999
2.735400000000001
3.5658000000000003
3.073599999999999
2.5956
3.3621999999999996
3.0768000000000013
2.4498000000000015
2.8664
2.4696000000000002
2.6545999999999994
3.3515999999999995
2.9408000000000003
3.0021999999999993
3.051200000000001
3.2194
3.4229999999999983
2.4450000000000016
3.289600000000001
2.9568000000000008
2.989199999999999
2.394799999999999
3.185
2.732199999999998
2.5316
2.6215999999999995
2.6934000000000005
2.572199999999999
2.9978000000000002
3.2618
2.536999999999999
2.7173999999999983
2.3983999999999988
2.5761999999999996
2.5331999999999995
2.4040000000000017
2.349399999999999
3.7950000000000017
3.549400000000001
2.2880000000000007
2.7094
3.2167999999999997
2.834800000000001
2.343600000000001
2.9257999999999997
2.8381999999999987
2.273599999999999
2.9382000000000015
2.4545999999999997
3.087200000000002
3.1258000000000017
2.8123999999999993
2.9658
2.7234
2.814200000000001
2.599199999999998
2.7036000000000002
3.6701999999999986
2.8254000000000006
2.8922
2.837400000000002
3.396600000000001
3.280400000000002
2.9403999999999986
2.4634000000000005
3.091800000000001
2.7689999999999992
3.455400000000001
3.0028
3.5028000000000015
2.8473999999999977
3.550799999999998
2.845599999999999
3.3117999999999994
1.8555999999999995
3.2595999999999985
2.4324000000000017
2.9698000000000007
2.8712
2.716800000000002
3.163800000000001
2.8524000000000007
2.9012000000000033
2.6172000000000004
3.1680000000000006
1.9163999999999992
3.111200000000003
3.0114
2.6778000000000004
2.1798
3.3495999999999997
2.0283999999999995
2.916799999999999
3.011800000000002
3.1746000000000008
2.5100000000000016
2.6655999999999995
3.205199999999999
3.1804
3.008199999999997
2.3274000000000004
2.8061999999999996
2.9400000000000004
3.2370000000000005
2.9816000000000003
2.9930000000000008
3.4404000000000003
2.8762000000000016
2.6536000000000013
3.3566000000000016
2.7296000000000022
2.319200000000001
2.8434000000000013
2.7552
3.1974000000000022
2.7516000000000016
2.3014
3.532999999999996
2.6640000000000015
3.2898000000000014
2.5547999999999997
2.695599999999999
3.041399999999998
2.3715999999999995
2.6332000000000004
2.6917999999999993
3.113399999999999
2.515800000000001
2.8337999999999988
1.7872000000000006
2.8514
3.714599999999999
2.7072000000000003
3.2459999999999996
3.0108000000000015
3.056400000000002
3.3061999999999987
2.5953999999999993
2.198400000000001
3.458599999999999
2.6556000000000006
3.1860000000000013
2.9457999999999993
2.8046
2.9858000000000002
2.4095999999999997
3.432999999999998
3.1812000000000005
3.2313999999999976
3.6643999999999988
3.4193999999999996
3.056399999999999
2.6954000000000002
3.194399999999999
3.0759999999999987
2.6547999999999985
2.1116
2.823599999999999
2.946400000000003
3.0981999999999994
2.6661999999999995
2.9117999999999995
2.7055999999999982
2.3560000000000008
2.6004000000000014
2.6902000000000017
2.4647999999999994
2.9656000000000007
2.611799999999999
3.6790000000000003
2.8975999999999984
2.6082000000000005
3.014999999999999
3.121799999999999
2.942999999999999
2.6392
3.015800000000001
2.8796000000000017
3.1351999999999975
3.3617999999999983
2.8741999999999974
2.9410000000000007
2.406999999999999
2.662199999999999
3.0375999999999976
2.5809999999999986
2.243200000000001
2.8712000000000013
3.1398
3.135200000000003
3.134000000000001
3.4146000000000014
2.6442
3.454199999999999
3.1436
2.4285999999999994
2.7111999999999994
3.4803999999999977
2.5374
2.248199999999999
3.2512000000000016
3.180600000000001
2.551599999999999
2.5858
2.8181999999999987
2.4870000000000014
3.3176000000000005
3.6490000000000005
3.312
2.696400000000001
2.6243999999999996
2.9743999999999975
3.151399999999999
2.6010000000000004
3.485199999999998
2.4789999999999983
3.1376
2.4690000000000007
3.1522
3.111
2.9166
2.906400000000001
2.8368000000000007
3.027599999999999
2.350000000000001
2.8266000000000004
3.219
3.5736000000000003
2.966
2.692200000000001
2.546800000000001
2.798999999999997
2.4997999999999996
2.279400000000001
3.271999999999998
2.855000000000002
2.6028
2.8096000000000005
2.139200000000001
3.1256000000000004
3.1721999999999992
2.994399999999999
2.861800000000002
2.6175999999999986
3.0184000000000015
2.586599999999999
3.851000000000001
3.1790000000000003
3.1136000000000013
2.2272000000000007
2.8734
2.8496000000000006
3.280800000000001
2.4316000000000004
2.2576
3.0093999999999976
2.854800000000001
2.7172
2.3952
2.9903999999999984
3.337400000000003
2.2618000000000014
2.7158
3.7672000000000008
2.6153999999999993
2.8923999999999994
2.9296
2.6057999999999995
3.2525999999999997
3.6491999999999987
3.0252000000000017
2.4946
3.5810000000000004
2.111800000000001
3.2982
3.137
2.4172000000000002
2.5145999999999997
2.893000000000002
2.836799999999999
3.2212
3.0399999999999983
2.6471999999999998
2.877599999999997
3.3534000000000024
2.4859999999999993
2.902800000000002
3.088999999999999
2.8822
2.6153999999999997
2.611400000000001
3.3046000000000033
2.984800000000003
3.2201999999999997
2.575800000000001
2.6754000000000016
3.2519999999999993
2.820600000000001
3.097800000000001
2.5265999999999984
3.7158000000000015
3.3397999999999985
3.0412
2.7785999999999995
2.955999999999999
2.019800000000001
3.534399999999999
2.815200000000002
2.4676
3.3914000000000004
3.1382000000000003
3.2893999999999988
2.963200000000002
2.56
2.9495999999999984
2.5370000000000017
2.3566000000000003
2.3952000000000013
3.1674
3.0540000000000025
2.698799999999999
2.0853999999999986
3.2282000000000006
2.8834
3.1295999999999977
3.4235999999999995
2.6304000000000003
3.0677999999999988
2.3564000000000007
2.9876
3.367999999999999
3.117400000000001
2.843000000000001
3.009000000000001
3.1044
2.804399999999999
2.843599999999999
2.2492000000000014
3.242
2.155799999999999
3.198800000000001
2.249800000000002
3.061199999999998
3.1396
2.488
2.412200000000001
2.8764000000000003
2.9154
2.332800000000001
3.099600000000001
2.766000000000001
3.514200000000004
2.4782000000000006
3.142400000000003
3.748199999999999
3.1908000000000003
3.567200000000001
3.3728
2.7892
3.035199999999999
1.8604000000000003
2.6683999999999997
2.986400000000001
2.3793999999999995
3.3482000000000016
2.4072
2.8873999999999973
2.657999999999999
2.7903999999999995
2.748000000000002
2.6466000000000003
1.9653999999999994
2.904400000000001
2.4858000000000002
2.9767999999999994
2.709000000000001
3.032399999999996
2.7795999999999994
2.5712
2.601600000000001
2.6782
3.3725999999999994
2.8671999999999995
2.814200000000002
2.509200000000001
2.1236000000000006
2.7114
2.5845999999999987
2.5664000000000002
2.8
2.848800000000001
3.234599999999998
2.7974000000000006
2.4286000000000016
3.172400000000002
2.302
3.602799999999998
3.2308
2.6520000000000015
3.5186000000000006
2.373600000000001
2.854800000000001
3.581399999999998
3.191
3.4238000000000013
2.406
2.5652000000000004
2.5625999999999998
2.713
2.398999999999999
3.7609999999999983
3.2368000000000006
2.9013999999999993
2.6260000000000012
2.5660000000000003
3.208000000000002
4.2172
2.9138000000000006
2.914199999999998
2.3602000000000007
3.2212
3.3768000000000002
2.7356
2.827200000000002
2.7478
2.5767999999999995
3.5169999999999986
3.573200000000002
2.6033999999999997
3.1000000000000005
2.498600000000001
2.872400000000001
3.3546000000000005
2.8894
2.460199999999999
2.6442
3.2400000000000015
3.4403999999999986
2.7056000000000013
2.7681999999999998
3.494999999999999
3.5250000000000012
3.0606000000000004
3.0933999999999986
3.032199999999999
3.235199999999998
2.887600000000001
2.6879999999999997
3.0209999999999995
2.8435999999999986
3.261399999999999
3.2697999999999996
2.7744000000000013
2.8057999999999996
2.773
2.1171999999999995
2.9088000000000007
2.306799999999999
3.269799999999998
2.8055999999999996
3.158
3.0880000000000005
3.6834000000000016
2.4296
2.8340000000000014
2.6512000000000007
3.4037999999999995
1.9824000000000004
2.0761999999999996
3.646199999999999
2.3454000000000006
3.317399999999999
2.8161999999999994
2.8862000000000005
2.7666000000000004
3.404799999999999
3.0348
2.9252
2.4298
2.9174
3.208799999999999
3.3435999999999995
3.0299999999999976
2.2197999999999998
2.7502000000000013
2.616599999999999
3.0424
2.5284000000000013
2.9928000000000003
2.300800000000001
3.0553999999999997
3.2097999999999973
2.4288
2.2008000000000005
3.0156000000000036
3.029
2.7188
3.144400000000002
2.8406000000000002
2.090000000000001
2.7974000000000006
2.5776000000000012
2.8486000000000002
2.6612
2.7796000000000003
2.696
3.3814000000000006
3.3170000000000006
3.8949999999999982
3.2782000000000004
2.8577999999999997
2.8534
3.088800000000002
2.9515999999999996
3.0700000000000007
2.5911999999999993
2.2298000000000004
3.061999999999999
3.000199999999999
2.7277999999999993
2.2052000000000005
2.4006
2.4934000000000007
3.3670000000000018
2.7478000000000007
3.5388000000000006
3.5491999999999977
2.6385999999999994
2.260600000000001
2.8859999999999992
2.0548000000000006
2.5756
2.6184000000000003
3.0042000000000026
3.0768000000000018
2.3886000000000007
3.6655999999999995
2.3885999999999994
3.3116000000000003
2.6328000000000005
3.2458000000000005
3.402999999999999
3.016000000000002
2.961199999999997
2.740800000000001
2.7182
3.1584
3.1736000000000013
3.037799999999999
2.421799999999999
2.7944000000000004
2.4960000000000004
2.8898000000000024
2.4946
3.2870000000000017
2.3977999999999997
2.0418
2.5332000000000012
2.7842
2.379399999999998
2.8078000000000016
3.363000000000001
2.790399999999999
2.9747999999999997
2.705000000000002
3.3562000000000007
2.4372000000000007
3.0988000000000007
2.6864000000000003
2.8712000000000013
3.672000000000003
2.6384000000000003
2.5650000000000017
2.9682000000000004
3.248199999999997
2.431399999999999
2.4576000000000002
2.6094
2.3971999999999998
2.8616000000000037
3.2237999999999998
2.5246000000000017
2.366
3.0913999999999993
2.9706000000000006
2.8491999999999997
3.547800000000001
2.7186000000000012
2.5331999999999995
2.1306
3.1416000000000004
3.383800000000002
2.7281999999999997
2.6047999999999996
2.720599999999999
2.4144
2.7680000000000007
3.2764000000000006
2.7108
2.7718000000000016
2.1164000000000014
2.549399999999998
3.024599999999997
3.2832
2.832999999999999
3.161599999999999
2.3348
2.228600000000002
2.8407999999999998
2.2920000000000007
2.7648000000000015
2.6096
2.5104000000000015
2.593400000000002
3.3364
2.7118
2.5273999999999988
2.185200000000001
3.7997999999999994
3.247600000000002
2.441599999999999
3.091400000000001
3.089000000000001
3.138200000000001
3.0435999999999983
3.2201999999999993
3.8789999999999973
2.6534000000000013
2.902200000000001
3.3693999999999993
2.797199999999998
2.997
2.1425999999999994
3.307200000000002
3.2124
3.1012
3.206400000000001
3.3120000000000016
2.874199999999999
3.172200000000002
2.6726000000000005
2.6585999999999994
2.8845999999999994
3.201599999999999
2.758999999999999
2.6689999999999996
3.272599999999999
2.6733999999999996
3.3044
2.454599999999999
2.7560000000000002
3.028999999999998
2.87
3.303799999999998
2.7242000000000024
3.309399999999999
3.109599999999999
2.6767999999999996
2.2359999999999993
2.8523999999999994
2.7403999999999997
2.9049999999999994
2.3412000000000006
2.2289999999999996
2.268999999999999
2.6494000000000018
3.1787999999999994
3.2862000000000013
2.5951999999999997
2.229
2.564800000000001
3.2120000000000015
2.6238
3.9492000000000025
2.196800000000001
2.7973999999999997
3.4894000000000016
3.0748000000000006
3.4963999999999995
2.825799999999999
2.6896
2.9040000000000004
3.3064000000000004
2.686199999999999
2.6384
2.5268
3.6189999999999998
2.5795999999999997
2.9496
3.0014
2.7652000000000005
2.6162
3.4383999999999992
2.232800000000001
2.4484
2.941199999999999
2.9322
3.184599999999998
2.7475999999999994
3.4231999999999996
3.004799999999999
2.748000000000003
2.4166
3.160400000000001
2.4548
2.8339999999999987
2.5991999999999997
3.157400000000002
2.5334000000000003
2.9264000000000023
2.9386
2.7024000000000012
3.266400000000001
3.5392
2.6208
3.3348000000000018
3.9151999999999982
3.132600000000001
3.334600000000003
3.1098000000000003
3.6943999999999995
3.5740000000000003
2.9495999999999984
3.2387999999999977
2.9699999999999993
2.345400000000001
2.694199999999999
3.0814000000000017
3.386
3.119599999999999
3.1097999999999995
3.8644000000000016
3.324799999999999
2.5816000000000012
2.6356000000000006
2.7812
2.7675999999999994
2.5528000000000013
2.3548000000000004
2.9501999999999997
2.3226000000000004
2.8835999999999986
3.1604000000000014
3.3922000000000003
2.843799999999999
2.6123999999999996
2.9318
3.124399999999998
2.8848000000000007
2.830800000000001
2.495199999999999
2.8656
3.1318
2.656200000000001
3.3253999999999997
2.6181999999999994
3.2983999999999996
2.1140000000000008
2.7242000000000015
2.0808000000000004
2.711399999999999
2.2126000000000006
2.769400000000001
2.5908
3.2475999999999994
2.0495999999999994
2.811000000000001
3.9050000000000016
3.2529999999999997
3.3631999999999995
3.1290000000000022
3.1272000000000006
2.815800000000002
3.1470000000000002
3.2764000000000006
1.9878000000000013
2.2037999999999998
2.3810000000000002
3.0208000000000004
2.7295999999999996
2.9506000000000006
2.5992
3.6714000000000016
2.8491999999999997
3.2882000000000016
3.075600000000001
2.8068000000000013
2.982800000000001
3.1902000000000004
3.3784000000000014
2.326200000000001
2.9715999999999996
3.0769999999999986
2.088200000000001
4.039399999999999
2.932199999999998
2.5658000000000003
3.0738
3.3480000000000025
3.1570000000000005
2.385400000000002
3.0800000000000023
2.7666000000000013
2.936200000000001
2.2398000000000007
3.1427999999999994
3.233399999999999
2.9117999999999955
3.4703999999999997
2.8045999999999998
3.0501999999999994
3.3078
3.7184000000000013
2.047800000000001
2.8700000000000006
3.6428000000000025
2.8889999999999976
2.5420000000000007
3.5353999999999983
3.0536000000000003
3.8601999999999985
2.1266
2.815999999999997
2.3400000000000007
3.1754
3.467200000000001
3.0382
2.7135999999999982
2.5867999999999993
2.5893999999999995
2.4812
3.5052000000000003
3.174199999999999
2.6558000000000015
2.8132000000000006
2.1542000000000003
2.75
3.0844000000000005
3.208399999999998
2.8072000000000004
2.6152
3.6088000000000005
2.9114000000000004
3.0101999999999993
2.994599999999999
3.173400000000001
2.7312000000000016
3.067800000000001
3.009400000000001
2.4479999999999986
2.3814000000000006
2.7181999999999986
2.600799999999999
2.6018
3.4239999999999977
3.2555999999999994
3.264599999999999
2.7758000000000003
3.7133999999999987
2.7291999999999996
2.8218
3.068200000000001
2.4267999999999996
2.8914
2.656
3.441399999999999
2.8438000000000003
3.0234000000000014
2.4979999999999993
2.4624000000000006
2.127
2.809799999999998
3.0017999999999985
3.302399999999998
2.7273999999999994
2.3814
2.6322
3.388600000000001
2.3864
3.8815999999999997
2.7528000000000015
3.458800000000001
3.112199999999999
3.154599999999998
2.616399999999999
2.9951999999999996
2.7400000000000007
3.0802000000000005
3.0108000000000033
2.3349999999999995
2.2318000000000002
3.5756
3.3328000000000015
2.8136000000000005
2.609200000000001
2.567799999999999
2.5325999999999995
2.7949999999999995
2.2924
2.3231999999999995
2.2501999999999995
2.8299999999999987
2.5714000000000006
2.4934
2.4544
3.3453999999999993
3.0025999999999984
3.334199999999997
2.9954000000000014
3.6072000000000006
3.4201999999999995
3.342399999999999
2.972200000000002
3.0447999999999986
2.3205999999999998
2.8776000000000015
3.073800000000001
3.0293999999999994
3.0879999999999996
2.4418
3.4964000000000004
3.284799999999999
2.566199999999999
2.1984000000000004
2.5788000000000006
3.179400000000001
3.2562
3.456399999999998
2.3163999999999993
2.7969999999999997
3.2538
2.577799999999999
2.6357999999999993
3.0864000000000003
3.177600000000001
3.5943999999999994
2.7532000000000014
2.5449999999999986
2.9224000000000014
3.359399999999999
3.2748000000000013
2.897799999999997
2.9543999999999984
2.702000000000001
2.424000000000001
3.7802000000000016
2.6334000000000004
2.9271999999999996
2.5613999999999995
2.9143999999999988
3.5850000000000004
3.4218
3.229000000000001
3.353799999999999
3.5206000000000004
1.9439999999999995
2.768600000000001
3.0485999999999978
2.0340000000000007
3.5348
3.5423999999999993
2.9497999999999998
2.049000000000001
2.9519999999999995
3.156800000000002
3.7645999999999993
3.9521999999999986
2.8638000000000003
2.7363999999999997
2.388199999999999
2.6188000000000007
2.6989999999999994
2.9498000000000006
2.2858
3.1042000000000014
3.372800000000002
2.9381999999999993
3.1974000000000005
2.645200000000001
3.251199999999997
2.8362000000000007
2.8992
3.1042000000000005
3.466
3.0392000000000006
2.3545999999999996
2.8119999999999994
3.235599999999999
2.8153999999999995
2.9166000000000003
2.7642000000000007
2.3078
2.9958
2.8764000000000016
2.9275999999999995
2.528
3.350199999999999
3.672199999999998
3.2224
2.790799999999999
2.417200000000001
3.210600000000001
2.391000000000001
3.1208
3.6144000000000007
3.439799999999999
2.7285999999999997
2.521200000000001
3.4793999999999983
2.872199999999999
2.9210000000000003
2.6074000000000006
3.6077999999999992
1.8264000000000002
3.1308000000000002
2.731
2.780399999999999
2.256000000000001
2.8396
2.9282000000000004
2.5116000000000014
2.8298000000000005
2.498799999999999
2.350000000000001
2.6418000000000013
2.5312
2.578799999999999
3.2671999999999985
2.8845999999999976
3.388
2.2773999999999996
2.4088000000000003
2.8537999999999992
2.5372000000000003
2.8414000000000006
2.695399999999998
3.2286
2.3357999999999994
