2.725
2.65
2.625
2.625
2.525
2.4958332999999997
2.45
2.42
2.425
2.32
2.325
2.2458332999999997
2.2041667
2.1833334000000004
2.1541667
2.2041667
2.025
2.0175001
1.975
2.03
2.025
1.925
1.975
1.9833334
1.95
1.9
1.9541667
1.9
1.95
1.9
1.9
1.9091667
1.975
1.9241667
1.925
2.01
2.05
2.0408333
2.05
1.945
1.9333334
1.875
1.77
1.7591667000000002
1.75
1.7091667000000001
1.705
1.66
1.655
1.61
1.61
1.625
1.5741667000000001
1.505
1.455
1.505
1.485
1.45
1.48
1.4791667000000002
1.4041667000000002
1.4
1.375
1.3791667
1.3591667
1.3881667
1.4
1.3791667
1.375
1.3791667
1.35
1.35
1.325
1.3308332999999999
1.3541667000000002
1.3241667000000001
1.3041667000000001
1.3558065
1.35
1.375
1.3508333
1.3141667000000001
1.3541667000000002
1.3288461
1.29
1.3291667
1.3291667
1.375
1.3341667000000001
1.2791667
1.3041667000000001
1.2841667
1.3041667000000001
1.3291667
1.3675000999999998
1.3383334
1.3091667
1.3291667
1.3041667000000001
1.3041667000000001
1.3083334
1.3041667000000001
1.2875000999999997
1.2833333999999998
1.3141667000000001
1.3083334
1.2925000999999998
1.2891027
1.3083334000000002
1.2925000999999998
1.2733333999999998
1.2833334000000003
1.2925000999999998
1.2625001
1.2725001
1.3175001
1.2975000999999997
1.2966668
1.2593332
1.2591667
1.3291667
1.285
1.2933333999999999
1.2883334000000002
1.2983334
1.3491667
1.2941667000000001
1.3033333999999999
1.265
1.3141667000000001
1.2683334
1.3241667000000001
1.2941667000000001
1.2690000000000001
1.32
1.345
1.27
1.275
1.27
1.32
1.3015053
1.3
1.34
1.31
1.31
1.285
1.29
1.311
1.28
1.2708333
1.324
1.305
1.3
1.3041667000000001
1.3008332999999999
1.2816665999999999
1.27
1.27
1.3158333
1.3208332999999999
1.275
1.2658333
1.31
1.285
1.3
1.2674999
1.2898077000000001
1.265
1.295
1.3158333
1.2958333
1.2915053
1.3216666000000001
1.3008332999999999
1.2756665999999999
1.3081721
1.2816665999999999
1.27
1.3491667
1.2924999000000001
1.2966333
1.3208064000000002
1.2591667
1.2558333
1.3448655999999999
1.2791667
1.315
1.3059532999999999
1.2841667
1.2838333
1.2683334
1.2841667
1.31
1.3241667000000001
1.275
1.2708333
1.3298387
1.285
1.2951667000000002
1.2941667000000001
1.2808589000000001
1.27
1.2983334
1.2733334
1.2941667000000001
1.2934296
1.3133334000000003
1.2863118999999998
1.3183334
1.3008332999999999
1.3216335000000001
1.3559615
1.3399723000000001
1.3578118000000001
1.3348437999999998
1.3303334
1.374672
1.3251666999999998
1.3063334000000004
1.3601344
1.3315053000000001
1.3530000000000002
1.3633334
1.415
1.3293333999999999
1.3235001
1.3023589999999998
1.2982884000000001
1.3734534000000003
1.3060000000000003
1.3638333
1.3400054
1.3181281999999999
1.2841667
1.3188
1.2608
1.2558064999999998
1.305
1.2741666999999999
1.28
1.2859676999999998
1.3443011
1.2893333999999999
1.2909677
1.345
1.3058333
1.3481990000000001
1.3017471999999999
1.2960000000000003
1.29
1.3108332999999999
1.2598387
1.2791667
1.2591667
1.26
1.25
1.286
1.315
1.3192948999999998
1.2909605
1.2906450999999999
1.2651615
1.2888065
1.25884
1.3041667000000001
1.3193601999999998
1.2859676999999998
1.3393011000000001
1.2658333
1.3068332999999999
1.310672
1.2868009999999999
1.3007866000000001
1.3907587000000001
1.2661217999999999
1.2884651000000003
1.2824999000000004
1.3134602000000002
1.3210064
1.3152666
1.2784676000000001
1.2919353999999998
1.2666666
1.3024656
1.3433315
1.2918010000000002
1.3167917
1.3216395
1.3189231000000001
1.3364333
1.3168009999999999
1.3506666
1.3741344
1.2866666
1.3384582999999999
1.2916665999999999
1.3108332999999999
1.2716666
1.2708332999999998
1.2858333
1.3108332999999999
1.2756668
1.3226343
1.3018010000000002
1.275
1.3251344
1.2824925000000003
1.2918010000000002
1.2709677000000001
1.2816666
1.3355053000000001
1.2748333
1.3408333
1.3246989000000002
1.341801
1.3056450999999998
1.2796333
1.2866666
1.3009677
1.2878601
1.2948656
1.3048387
1.2861289999999999
1.2966665999999998
1.285
1.2659677
1.285
1.2666666
1.2608332999999998
1.2954999
1.2608332999999998
1.3208332999999999
1.2656451
1.26
1.3051344
1.2908332999999999
1.3104784
1.2809946000000003
1.3427687
1.3134676
1.2884676000000002
1.3156666000000001
1.2909946000000003
1.305
1.3009946000000001
1.2768333
1.2908000000000002
1.2976343
1.2816666
1.3048656
1.305
1.2748656
1.2966665999999998
1.3
1.3526075
1.3259676999999999
1.2963332000000003
1.3251667
1.3018010000000002
1.2991665000000001
1.2868000000000002
1.2960000000000003
1.3558332999999998
1.3266666
1.3019551
1.3332999
1.32
1.3208332999999999
1.3443332000000001
1.34
1.3906411
1.311
1.3158333
1.3074999
1.3300268
1.3208332999999999
1.33
1.3091667
1.3334999000000003
1.3301667000000001
1.3099866
1.3341667000000001
1.3651667
1.3301667000000001
1.2777665
1.2758333
1.265
1.2958333
1.2890000000000001
1.261
1.265
1.3248387
1.301
1.2788065
1.3059678000000003
1.2976398
1.3052
1.2834463
1.2766397999999999
1.3068065000000002
1.3258064999999999
1.2766398
1.3076398
1.3066666
1.3406398000000002
1.2988065
1.3238398
1.338
1.3326398
1.3191667
1.3026451000000003
1.3131990000000002
1.317
1.345
1.3666666
1.325
1.3373657
1.3060000000000003
1.3610000000000002
1.315872
1.3168333
1.3618000000000001
1.3178065
1.3279741
1.3502398000000002
1.3330000000000002
1.3548656
1.3190000000000004
1.314
1.3146451000000001
1.3061585000000002
1.3281584999999998
1.3411585
1.3033589999999997
1.3274767000000003
1.2949856
1.3439841000000001
1.295317
1.2959918000000001
1.2890000000000004
1.2911523
1.3260000000000003
1.2861095
1.3051585
1.2724631000000002
1.2838387000000002
1.3186666000000002
1.2953108
1.2679520000000002
1.2611523
1.2703458000000003
1.2624731000000002
1.2684184000000003
1.2712729000000005
1.3197571
1.2786048
1.3140582000000003
1.2846254000000004
1.2612947
1.2618251000000003
1.2660161000000003
1.2689203000000004
1.2631523000000004
1.2668333000000005
1.3183267000000003
1.2881613000000005
1.2613332000000002
1.2631585000000003
1.2978077000000008
1.2718251000000007
1.2919856000000005
1.2834388000000008
1.2693090000000005
1.2904755000000003
1.3129851000000006
1.2879998000000004
1.2768251000000006
1.2721585000000006
1.2787940000000004
1.3048104
1.2659518000000005
1.26828
1.2708169
1.3015789
1.2752281000000003
1.2767732000000005
1.27796
1.2807933000000002
1.2854666000000003
1.2787918000000003
1.2730000000000006
1.2728000000000004
1.2769732000000003
1.2758333000000004
1.2808333000000003
1.2798010000000002
1.2734666
1.2946666000000002
1.2841600000000002
1.2821600000000004
1.3020000000000003
1.28312
1.28532
1.3304934000000006
1.2931600000000005
1.3104999000000006
1.3083267000000003
1.2819533000000005
1.2746666000000004
1.2716532000000007
1.2983265000000008
1.3045590000000005
1.3044929000000007
1.298525200000001
1.3036529000000008
1.2729799000000004
1.2714932000000005
1.2778266000000007
1.2796666000000008
1.2776147000000007
1.2739665000000007
1.2983332000000005
1.2756989000000007
1.2958266000000003
1.2731342000000005
1.2754599000000009
1.2736266000000007
1.2799933000000008
1.2956666000000008
1.2743267000000007
1.2768266000000006
1.2706666000000013
1.2724721000000008
1.3489555000000006
1.2921213000000007
1.2939933000000008
1.3178666000000003
1.2920305000000005
1.2929866000000003
1.3038494000000005
1.2956971000000004
1.2904731000000007
1.3394932000000004
1.3199557000000004
1.3167229000000007
1.2916331000000003
1.3084487000000005
1.2846666000000004
1.2641289000000004
1.2914932000000006
1.2713505000000005
1.2715410000000005
1.2795489000000007
1.2658264000000004
1.2784247000000004
1.2698638000000004
1.2943357
1.2940562000000007
1.3124824000000004
1.2763505000000004
1.2619854000000004
1.3030000000000006
1.2601600000000006
1.27048
1.2614932000000003
1.2640250000000004
1.2681224000000002
1.2633076
1.2607557000000003
1.2625573000000003
1.3034282000000001
1.2854999000000005
1.2896349000000003
1.2856266000000003
1.2606666000000004
1.2588010000000005
1.2587998000000002
1.2679933
1.2588333000000005
1.2679624000000005
1.2658333000000004
1.2625689000000002
1.2637933000000003
1.2817856000000003
1.2614599000000002
1.2724266000000002
1.2653930000000002
1.2701882000000004
1.2664738000000004
1.2912180000000004
1.3034455000000003
1.2675549
1.2620535000000002
1.2662650000000004
1.3159211000000004
1.2586333000000005
1.2786333000000003
1.2606666000000002
1.2571291000000002
1.2600000000000005
1.2571600000000003
1.2560000000000002
1.2801600000000002
1.2541600000000002
1.2990000000000004
1.27096
1.2628065000000002
1.2530000000000003
1.2536666
1.2541600000000002
1.2540000000000002
1.2568065000000004
1.2850000000000006
1.2566666000000004
1.2868000000000004
1.2811600000000005
1.2606666000000002
1.2768065000000004
1.3060000000000003
1.2670000000000001
1.2668333000000005
1.2704854
1.2610000000000001
1.2616666000000003
1.2671667000000004
1.2670000000000003
1.2744934000000003
1.2680000000000005
1.2656666000000003
1.2970000000000002
1.2630000000000003
1.2646666000000004
1.2836666000000003
1.2648000000000001
1.2782000000000004
1.2740000000000005
1.2876343000000003
1.2730000000000004
1.2820000000000005
1.2780000000000005
1.2926666000000002
1.2869615000000005
1.3266400000000003
1.2790000000000001
1.2766666000000004
1.2738333000000004
1.3010000000000002
1.2670000000000001
1.2669677000000004
1.2719677000000003
1.2668400000000002
1.2650000000000001
1.2640000000000002
1.2778128000000002
1.2698333000000002
1.2678387
1.2580000000000002
1.2570000000000001
1.258
1.2790000000000001
1.2572
1.2520000000000002
1.2570000000000001
1.2770000000000001
1.2730000000000001
1.265
1.2548733
1.2591667
1.2830000000000001
1.2570000000000001
1.2859999999999996
1.2588065
1.2569677
1.2609677
1.2599999999999998
1.2550000000000001
1.256
1.255
1.2550000000000001
1.279
1.255
1.255
1.254
1.254
1.275
1.25
1.2548333
1.2508333
1.2508333
1.2508332999999998
1.2508333
1.2548333
1.2581667
1.251
1.2959665
1.27
1.2908332999999999
1.2798065
1.2740323
1.27
1.315
1.27
1.27
1.2941667000000001
1.2508065
1.25
1.25
1.25
1.25
1.275
1.25
1.25
1.2582322
1.2508
1.2598
1.2541666999999999
1.2790000000000001
1.274
1.2625001
1.251
1.2590000000000001
1.255
1.275
1.25
1.255
1.25
1.275
1.25
1.25
1.2541666999999999
1.25
1.25
1.254
1.2541666999999999
1.25
1.25
1.25
1.275
1.25
1.25
1.27
1.275
1.25
1.26
1.25
1.2548065
1.255
1.2540323
1.25
1.2543549
1.25
1.251
1.254
1.25
1.2541666999999999
1.2583334
1.2583334
1.2625000999999998
1.2691398999999999
1.2630375999999999
1.2741666999999999
1.2541666999999999
1.2551667
1.2633333999999998
1.2905732
1.2835334
1.2581667
1.2670376
1.2688709
1.2821666999999999
1.2871667
1.2931654000000001
1.2946668
1.2754987999999998
1.2786667999999997
1.2769731999999998
1.2711667
1.2936320000000001
1.2660322999999998
1.272
1.2659999999999998
1.2718258999999998
1.2918332999999995
1.2928332999999999
1.2809999999999997
1.3158332999999995
1.3008319999999998
1.2791666999999998
1.2739999999999996
1.2918319999999996
1.283
1.283
1.2827999999999997
1.2918332999999997
1.2999999999999998
1.2699999999999998
1.2739999999999998
1.2680319999999998
1.3119999999999998
1.2619999999999998
1.2870323
1.2711666999999998
1.266
1.266832
1.2659999999999998
1.2708
1.2960332999999997
1.2797999999999998
1.2707999999999995
1.2707999999999997
1.2717999999999998
1.2728
1.3096065
1.2798
1.2588
1.2588
1.2838
1.2919999999999998
1.2668332999999996
1.2661666999999996
1.274
1.2659999999999998
1.2619999999999998
1.2677992999999999
1.2860323
1.303
1.2828332999999998
1.2660323
1.2619999999999998
1.263
1.2751666999999998
1.2789999999999997
1.2709999999999997
1.2741666999999994
1.2701602999999997
1.2948323
1.2668333
1.2859999999999996
1.263
1.2590000000000001
1.271
1.2916410999999999
1.2708332999999998
1.2749999999999997
1.2831612999999995
1.2871999999999997
1.2976332999999998
1.291
1.2717999999999998
1.3083334
1.2831666999999998
1.2871667
1.2921666999999994
1.2961666999999994
1.2961666999999994
1.283
1.3041730999999999
1.2709999999999997
1.2859999999999996
1.2751666999999995
1.2789999999999997
1.2841666999999999
1.3009999999999997
1.2801666999999997
1.276
1.2857999999999998
1.281
1.3059999999999996
1.2799999999999998
1.2809999999999997
1.2830332999999998
1.283
1.2871666999999996
1.2861666999999999
1.2877999999999998
1.3166399999999998
1.2779999999999998
1.2746000000000002
1.264
1.254
1.2548000000000001
1.254
1.2790000000000001
1.279
1.274
1.2588333
1.2509614999999998
1.2541666999999999
1.275
1.25
1.25
1.2556451
1.25
1.27
1.2741666999999999
1.27
1.2541666999999999
1.255
1.25
1.251
1.2508065
1.25
1.25
1.2516666
1.2758064999999998
1.26
1.275
1.2565758
1.2958333
1.255
1.255
1.2601217
1.2609614999999998
1.255
1.28
1.2568065
1.261
1.262
1.2651667
1.2611216
1.2810000000000001
1.2510000000000001
1.2530000000000001
1.2530000000000001
1.2811667
1.2819999999999998
1.253
1.2628323000000004
1.2530000000000001
1.2548065000000002
1.3071667000000002
1.2530000000000001
1.2530000000000001
1.252
1.252
1.2871585
1.2730015000000001
1.2820000000000003
1.2571667
1.252
1.2613334
1.252
1.2770000000000001
1.2626333
1.2528333
1.2518333000000001
1.2768333
1.2768333
1.2568333
1.2518333000000001
1.2518333000000001
1.2568333
1.2518333000000001
1.2568333
1.2518333
1.256
1.2568065
1.2711923
1.2518333
1.256
1.2520333000000001
1.256
1.2798333
1.2516333
1.25
1.2541666999999999
1.295
1.2551667
1.2541666999999999
1.2741666999999999
1.29
1.2740323
1.2741666999999999
1.2708333
1.275
1.2791667
1.2508065
1.25
1.2548386999999999
1.251
1.2708065
1.251
1.251
1.2508065
1.2740323
1.2758333
1.25
1.25
1.25
1.2541666999999999
1.2508333
1.25
1.2568333
1.2541666999999999
1.2581613
1.25
1.2590000000000001
1.2580646
1.276
1.2540323
1.25
1.26
1.2580323
1.2548333
1.2701603
1.25
1.2741666999999999
1.25908
1.252
1.2561667
1.261
1.252
1.278
1.2571667000000002
1.2580323000000002
1.2808000000000004
1.2550000000000003
1.2811200000000003
1.2590000000000003
1.2581667
1.2808065000000004
1.2610000000000001
1.2820000000000005
1.2661667
1.2620000000000005
1.2670000000000001
1.2670308000000003
1.2640000000000002
1.2600000000000002
1.2840000000000003
1.2598065
1.2640000000000002
1.2770000000000001
1.2720000000000002
1.2930000000000001
1.2530000000000001
1.2530000000000001
1.2530000000000001
1.2530000000000001
1.2530000000000001
1.2580000000000002
1.2738333000000002
1.2586666
1.2594999
1.2534999
1.2526666000000002
1.2576666
1.2568333
1.2526666000000002
1.2534999
1.2751665
1.2751665
1.3173655000000002
1.2568063
1.2763278
1.2751665
1.2874999000000003
1.2591665
1.2583332
1.2594999
1.2624999
1.3083332
1.2698333
1.2674999
1.2703331999999998
1.2613332000000002
1.2599998
1.2626664
1.2747998
1.2658331
1.2626664
1.2628063
1.2791332000000002
1.2648386
1.2599998000000001
1.2769998
1.2553332000000001
1.2608331000000002
1.2808331000000002
1.2768008
1.2551665
1.2549998
1.2551665
1.2549998
1.2561665
1.2876407999999997
1.2606664
1.2685320000000002
1.2623330000000001
1.2894664
1.2611395
1.2669996000000001
1.2669996000000001
1.2654997
1.2618275
1.2631663
1.2899996000000002
1.2591663000000002
1.2801278000000003
1.2619998000000003
1.2864997
1.2664987
1.2788331
1.2910331000000002
1.2628331
1.265333
1.2653329999999998
1.2691663000000002
1.2684997
1.2591395
1.2618331
1.2574729
1.2611664999999999
1.2574997
1.2774997000000001
1.2599612999999998
1.2624997
1.2574657
1.2569998
1.2574997000000003
1.2634997000000001
1.2616664
1.2703331999999998
1.290128
1.2674997000000001
1.2699998000000001
1.2858654
1.2608331000000002
1.2616664000000002
1.2866664000000003
1.2715320000000003
1.2621397
1.2744999
1.2658331
1.2616664
1.2658331000000003
1.2601395000000002
1.2824996999999998
1.2916664
1.2778331
1.2559998
1.2591665
1.2583332
1.2541665000000002
1.2643332
1.2558063000000002
1.2533332000000001
1.2564999000000001
1.2524999
1.2574999
1.2724999
1.2621461999999999
1.2551665
1.2583332
1.2783706000000001
1.2724999000000001
1.2616665999999999
1.2574999
1.2564999000000001
1.2534999
1.2524999
1.2598333000000002
1.2566666
1.2516665999999999
1.2526666
1.2766666
1.2608333
1.2646666
1.2516665999999999
1.2516665999999999
1.2516665999999999
1.2716666
1.2526666
1.2566666
1.2574999
1.2831664999999999
1.2611664999999999
1.2651854
1.2653064
1.2624999000000001
1.2584614
1.2626281
1.2905331999999998
1.2583064000000002
1.2676075
1.2644667
1.2876075
1.2624999000000001
1.2566398
1.2616398000000002
1.2567948
1.2859615
1.2598065
1.275
1.255
1.28
1.275
1.255
1.2558333
1.251
1.25
1.2508333
1.25
1.271
1.2551282000000001
1.255
1.255
1.295
1.25
1.25
1.25
1.25
1.27
1.2556451
1.25
1.2508065
1.255
1.25
1.25
1.27
1.25
1.2540323
1.254
1.25
1.27
1.25
1.25
1.27
1.2551667
1.2549732
1.25
1.27
1.25
1.256
1.27
1.25
1.251
1.2559732
1.2590000000000001
1.255
1.275
1.27
1.25
1.255
1.25
1.2540323
1.27
1.25
1.27
1.25
1.2540323
1.255
1.255
1.2508065
1.25
1.25
1.255
1.25
1.25
1.255
1.25
1.27
1.255
1.2642
1.285
1.2690000000000001
1.2708333
1.2692
1.31
1.2930333000000003
1.265
1.2740323
1.2690000000000001
1.2899732
1.26
1.2641666999999999
1.265
1.2690323000000001
1.2658333
1.2898656
1.2624999000000001
1.2952332999999998
1.2858333
1.2641666999999999
1.264
1.265
1.284
1.265
1.285
1.255
1.255
1.255
1.255
1.2840323
1.255
1.2643334
1.255
1.255
1.255
1.28
1.255
1.255
1.27
1.2540323
1.25
1.2549732
1.2598333
1.255
1.25
1.2790323000000001
1.25
1.25
1.2741666999999999
1.2588388000000001
1.2540323
1.2790323
1.2800322999999998
1.2540323
1.2590323
1.251
1.25
1.255
1.25
1.25
1.255
1.25
1.25
1.254
1.25
1.2709936
1.2590323
1.271
1.25
1.25
1.25
1.25
1.2551667
1.27
1.2508333
1.25
1.2540323
1.2541666999999999
1.25
1.2508333
1.2782052
1.2758064999999998
1.2832258
1.26
1.2590323
1.275
1.264
1.265609
1.2891667
1.26
1.2641666999999999
1.305
1.255
1.28
1.25
1.27
1.25
1.261
1.25
1.2790000000000001
1.2590055
1.2516666
1.2543334
1.255
1.2758064999999998
1.2790000000000001
1.25
1.27
1.25
1.25
1.255
1.25
1.255
1.255
1.255
1.275
1.26
1.255
1.251
1.256
1.2510000000000001
1.276
1.2550323
1.2600323
1.251
1.2600000000000002
1.256
1.2510000000000001
1.256
1.2510000000000001
1.28
1.25
1.2516398000000002
1.251
1.25
1.251
1.275
1.254
1.254
1.2556065
1.275
1.25
1.255
1.256
1.251
1.251
1.2591667000000002
1.276
1.2510000000000001
1.251
1.25
1.251
1.25
1.25
1.2541666999999999
1.25
1.275
1.25
1.2591667
1.255
1.2708065
1.25
1.255
1.25
1.25
1.255
1.2741666999999999
1.25
1.275
1.25
1.28
1.25
1.2508333
1.25
1.2580323
1.2590322999999999
1.2540323
1.2790323000000001
1.2740323
1.2540323
1.2790323000000001
1.2540323
1.2540323
1.2581989999999998
1.2790323000000001
1.258199
1.27
1.25
1.2599732000000001
1.25
1.25
1.25
1.2591667
1.25
1.275
1.25
1.25
1.275
1.25
1.25
1.255
1.2540323
1.2540323
1.25
1.25
1.275
1.2540323
1.2581667
1.254
1.2590000000000001
1.2590000000000001
1.2590000000000001
1.2831666999999998
1.259
1.259
1.264
1.2889999999999997
1.264
1.2638
1.2541666999999999
1.27
1.2631667
1.275
1.275
1.2591667
1.25
1.25
1.2541666999999999
1.25
1.2791667
1.25
1.275
1.2541666999999999
1.2641666999999999
1.25
1.2540323
1.2508333
1.2541666999999999
1.255
1.25
1.2540323
1.2548388
1.2540323
1.2540323
1.2590322999999999
1.2540323
1.2580646
1.2748656
1.2540323
1.2790323000000001
1.2540323
1.2540323
1.2540323
1.2540323
1.2580646
1.2580646
1.2622312999999998
1.2580646
1.2580646
1.2580646
1.2860969
1.2580646
1.2540323
1.255
1.25
1.2508065
1.3
1.25
1.285
1.254
1.275
1.255
1.2548000000000001
1.275
1.25
1.2540323
1.25
1.2540323
1.25
1.25
1.25
1.27
1.251
1.25
1.275
1.25
1.3091667
1.25
1.25
1.2549616000000001
1.2621666999999999
1.2741666999999999
1.258199
1.2743666999999999
1.25
1.27
1.28
1.26
1.2591667
1.2840323
1.255
1.25
1.275
1.2808655999999998
1.25
1.265
1.255
1.255
1.25
1.2841667
1.2558064999999998
1.255
1.255
1.2808065
1.314
1.29
1.2691667
1.27
1.271
1.2758064999999998
1.295
1.27
1.274
1.291
1.27
1.265
1.2691667
1.275
1.27
1.27
1.285
1.291
1.2691667
1.2740323
1.295
1.2790323000000001
1.275
1.3
1.2790323000000001
1.285
1.285
1.28
1.285
1.285
1.3008065
1.281
1.3048388
1.3
1.27
1.274
1.275
1.28
1.2840323
1.2818333000000002
1.2858333
1.2858333
1.29
1.2700323
1.2910000000000001
1.2878065
1.2618717000000002
1.2620323
1.2530000000000001
1.262
1.2510000000000001
1.251
1.251
1.2518333000000001
1.256
1.26
1.256
1.2610000000000001
1.2666451
1.2610000000000001
1.2710000000000001
1.2718065
1.2750000000000001
1.2810000000000001
1.276
1.2778333000000002
1.268
1.2680000000000002
1.2650000000000003
1.2613539000000002
1.2600000000000002
1.2610000000000003
1.2660000000000005
1.2800000000000002
1.2550000000000001
1.2550000000000001
1.2562000000000004
1.2609615000000003
1.2629615000000003
1.2809615000000005
1.3011282
1.2613164
1.2729615
1.2619615000000002
1.2627615
1.2769615
1.2610000000000001
1.2772
1.2780844999999998
1.2578845
1.2853742
1.2638845
1.2592460000000003
1.2798845
1.2800075000000002
1.3151477000000003
1.3079615000000002
1.2640833
1.2699230000000001
1.2649563000000001
1.2809230000000003
1.270523
1.289923
1.2859295
1.2681230000000003
1.2930512000000005
1.2991553000000002
1.2999999000000002
1.2717304999999999
1.2749614
1.3189305000000002
1.2828460000000002
1.2738074999999998
1.2725755000000003
1.2766794000000004
1.2960383000000002
1.2948140000000001
1.2742845
1.2801230000000001
1.2748845
1.2718844999999999
1.2668845000000002
1.2914769000000001
1.2714371999999998
1.2705834
1.3204435999999995
1.2918844999999999
1.2782308000000002
1.2704436
1.2908845000000002
1.265923
1.2906525
1.2699679000000001
1.2809998999999999
1.2907304999999996
1.2833912
1.276846
1.3277689999999998
1.283614
1.2865183
1.2768460000000001
1.2758845
1.2718845
1.3032115
1.2708845000000002
1.2776833
1.2916408000000001
1.2798075
1.3152512
1.2722125000000002
1.2848845
1.2671281000000003
1.2689303000000003
1.2744141000000002
1.2728074999999999
1.2718908
1.2869613000000002
1.2790126000000002
1.2728074999999999
1.2837305000000003
1.3021345000000002
1.3010073
1.2810073000000002
1.3191676
1.2846525000000002
1.2787295000000003
1.2925628000000002
1.2907680000000001
1.2899615
1.3107947999999998
1.2849615
1.2986452000000002
1.3221935
1.3071399000000001
1.3201667000000004
1.2968051000000003
1.3008065000000002
1.3098064999999997
1.2839999999999998
1.2938387
1.2940333000000004
1.3062903000000003
1.2998387000000002
1.2774452000000003
1.2937692
1.2717692
1.32488
1.2996774
1.2756892
1.3175107
1.2958387
1.2706773999999998
1.2706774
1.2907105
1.3097692
1.2640053999999998
1.2888387000000001
1.2727043
1.2598387
1.2640053999999998
1.3048387000000004
1.2758387
1.2758387
1.2608386999999999
1.2848709999999999
1.2606773999999998
1.2905160999999998
1.2696774
1.2614787
1.2664467000000001
1.2612800000000002
1.2812799999999998
1.2812787
1.2904453999999999
1.2612787
1.262112
1.25644
1.2580426
1.2814785
1.2572412999999998
1.2542358999999998
1.2540692
1.2756821999999999
1.2598705000000001
1.2598705
1.2548705
1.2799345
1.2565103
1.2896705
1.2565038
1.2799345000000002
1.2799025
1.2560473
1.2589012000000002
1.2741012
1.2590679
1.2565345
1.2677011999999999
1.2582344
1.2632344
1.2594010999999998
1.2599010000000002
1.284933
1.2852344
1.260733
1.2904331000000002
1.2680664000000001
1.2700664
1.2638997000000003
1.3173998
1.2861998
1.2942999000000004
1.2701397
1.3003332
1.3243332
1.276873
1.2935332000000002
1.2686741
1.2935332
1.2685332
1.3001998000000001
1.2897527000000002
1.2831665
1.2816665999999999
1.3125988000000002
1.2821729
1.2979665000000002
1.2881665
1.3231665000000004
1.2741998
1.2979063
1.2829665000000003
1.2877998000000002
1.2894330999999999
1.2947332
1.2872881
1.3123332000000003
1.2757063
1.2748730000000001
1.2807066
1.3000333
1.2798730000000003
1.2858665999999999
1.3454665999999997
1.2912731000000002
1.2952666
1.3094333
1.3198333
1.3126387000000002
1.3130000000000002
1.3171667
1.2982396999999997
1.2933999999999997
1.2929743999999999
1.3169334000000004
1.3217667
1.2977334000000003
1.3217334
1.2967334
1.2973667
1.3377667000000002
1.3158480000000004
1.3178054000000003
1.3167600000000002
1.3207667
1.3279667000000002
1.3057655
1.32156
1.2919333999999998
1.3169334000000001
1.3123334
1.3217334
1.3019001000000001
1.3119334000000002
1.2961001
1.3121334000000002
1.3563267
1.2785667
1.2821667000000003
1.2781667
1.3037011
1.2779216
1.2985667
1.2725667
1.2685667
1.2775334
1.3010668
1.2812668000000003
1.2771000999999997
1.2721001
1.2671334
1.2583334
1.2583334000000002
1.2684678
1.2626614
1.2583334
1.2541666999999999
1.2591667
1.2821666999999999
1.2541666999999999
1.2673334
1.2583334000000002
1.2958334999999999
1.2833336
1.2873336
1.2923003
1.3040003999999998
1.2925002999999997
1.2875002999999998
1.2871668999999997
1.2915003
1.2838335
1.2841668999999998
1.3000001999999997
1.3021334000000002
1.2903334000000002
1.3020002
1.2970002
1.3378335000000001
1.3050002
1.3460001999999998
1.3116667999999998
1.3178334999999999
1.2915001000000002
1.3403335999999997
1.3058334999999999
1.2906667999999997
1.3328001999999999
1.2926668000000001
1.2871669
1.2871668999999997
1.2930001999999998
1.3288335
1.2956667999999996
1.3040002
1.3210001999999996
1.3371668999999997
1.2921669
1.2968335
1.2996668
1.2896668
1.2976668
1.3480002
1.2934678000000002
1.2981345999999996
1.3263536999999996
1.3214732999999999
1.3096670000000001
1.3038334999999999
1.3192603000000003
1.3003335999999996
1.3130001999999998
1.3305000999999999
1.2796667999999998
1.2885054999999996
1.2966668
1.3136667999999998
1.2960002000000004
1.3120002
1.2836667999999998
1.3140001999999997
1.2746667999999999
1.2830001999999998
1.3038334999999999
1.3158334999999999
1.2886721999999997
1.3171668999999997
1.3035000999999997
1.2878668
1.2971345999999997
1.3368335000000002
1.2846722
1.2790002
1.3248334999999998
1.3338335000000001
1.3125055
1.3419937999999996
1.3383055
1.3158334999999997
1.3206334999999998
1.3116667999999994
1.3124668
1.3204946999999998
1.3351666999999998
1.3241333999999996
1.3291666999999998
1.3615000999999998
1.3619333999999994
1.3291333999999995
1.2947999999999995
1.2859999999999996
1.2859999999999996
1.2909667000000002
1.3241667
1.3149999999999995
1.2951666999999996
1.2859999999999996
1.2819999999999996
1.2875999999999999
1.2949666999999996
1.2859999999999996
1.2867999999999997
1.2868000000000002
1.2827999999999997
1.2779999999999996
1.2859999999999994
1.3489999999999998
1.2979999999999996
1.3149999999999997
1.2939999999999996
1.3429999999999997
1.3229999999999995
1.3359999999999994
1.3019999999999994
1.2939999999999996
1.3237999999999996
1.2989999999999997
1.3031666999999998
1.3445000999999996
1.3236667999999998
1.3066668
1.3150001999999994
1.3273335999999996
1.3293335999999996
1.3371668999999997
1.3098334999999997
1.2948334999999997
1.3080001999999995
1.3195000999999997
1.2946668
1.3156667999999996
1.2948335
1.3078334999999996
1.3028334999999998
1.3071667
1.2986667999999995
1.3236667999999998
1.3113333999999996
1.2861666999999999
1.2911666999999998
1.2781667
1.2863333999999995
1.2901666999999997
1.3151666999999998
1.2913333999999999
1.2781666999999997
1.2889666999999998
1.2741666999999999
1.2781666999999999
1.2823333999999997
1.2781666999999999
1.2781666999999999
1.2791666999999998
1.2880066999999997
1.2741666999999997
1.2861666999999997
1.3279999999999998
1.2829999999999995
1.2795999999999996
1.2781666999999997
1.2701666999999999
1.266
1.301
1.2701666999999996
1.2659999999999998
1.2700322999999998
1.2619999999999998
1.258
1.279
1.2581666999999999
1.258
1.254
1.254
1.2619999999999998
1.2579999999999998
1.287
1.2579999999999998
1.258
1.279
1.2581666999999999
1.254
1.254
1.254
1.2581666999999999
1.254
1.2636323
1.254
1.259
1.254
1.25
1.25
1.25
1.25
1.255
1.25
1.2541666999999999
1.275
1.275
1.25
1.25
1.254
1.275
1.254
1.2588
1.25
1.2790000000000001
1.2543549
1.25
1.254
1.275
1.25
1.255
1.25
1.275
1.2541666999999999
1.25
1.2548000000000001
1.275
1.25
1.25
1.25
1.275
1.25
1.2541666999999999
1.2541666999999999
1.254
1.25
1.25
1.278
1.25
1.25
1.2790323000000001
1.2701613
1.25
1.254
1.25
1.25
1.25
1.25
1.25
1.254
1.2541666999999999
1.25
1.25
1.2791667
1.2508065
1.275
1.25
1.27
1.25
1.25
1.25
1.25
1.25
1.2541666999999999
1.255
1.254
1.25
1.2791667
1.2541666999999999
1.25
1.25
1.25
1.25
1.25
1.25
1.2541666999999999
1.2540323
1.2541666999999999
1.2591667
1.25
1.25
1.25
1.25
1.2590000000000001
1.25
1.25
1.25
1.25
1.25
1.28
1.2540323
1.25
1.2583334
1.25
1.25
1.25
1.25
1.2791667
1.27
1.25
1.25
1.25
1.25
1.2791667
1.25
1.25
1.25
1.25
1.25
1.255
1.25
1.25
1.275
1.25
1.2540323
1.25
1.25
1.2791667
1.25
1.28
1.254
1.25
1.275
1.275
1.25
1.25
1.25
1.305
1.255
1.25
1.25
1.25
1.25
1.25
1.3
1.25
1.25
1.275
1.25
1.25
1.275
1.25
1.275
1.25
1.25
1.275
1.2791667
1.2541667
1.2541667
1.258199
1.2541666999999999
1.2583334
1.2583334000000002
1.2633333999999998
1.2830645999999999
1.2634668
1.2833334000000003
1.2631667
1.3080645999999998
1.2833333999999998
1.255
1.28
1.2543226
1.26
1.2848388
1.2590000000000001
1.255
1.2598656
1.2558333000000002
1.2681666999999999
1.2616666
1.2674999
1.2666665999999998
1.2700000000000002
1.2716666
1.2583332
1.2623655
1.2623332
1.2583332
1.2591665
1.2649998000000002
1.2591665
1.2840321000000001
1.2591665
1.2641665000000002
1.2583332
1.2833332000000002
1.2643008999999998
1.2976558
1.2636504
1.2708333
1.2709892
1.2716665999999999
1.2724999
1.3167689000000002
1.2759892
1.3243333999999998
1.273872
1.2698656
1.2690323000000001
1.273199
1.2772313000000002
1.2772312999999997
1.3141669000000002
1.2980648
1.2937636999999995
1.2979303999999996
1.2986023999999998
1.3262637999999998
1.3382260000000001
1.3446777999999995
1.3147313999999997
1.2897314
1.2897314
1.2925432999999997
1.2906990999999999
1.2938980999999996
1.2947313999999996
1.2915324
1.3158227
1.2908549999999999
1.3115324
1.3331667000000003
1.285
1.3078978999999997
1.2881666999999999
1.282656
1.2841667
1.2806989000000002
1.2753118
1.2849999999999997
1.2825000999999998
1.2775001
1.3117757
1.2666666
1.2716665999999999
1.2743225999999999
1.3
1.3041667
1.2791667000000002
1.292656
1.313329
1.2758333
1.2775744999999998
1.3059356
1.3078224999999997
1.2807795000000004
1.2841344
1.2834676000000003
1.3058333
1.2841666999999999
1.28
1.2896665999999999
1.3014999
1.2716129999999999
1.2966665999999998
1.2633332
1.2634999
1.2591664999999999
1.2591665
1.2549998
1.2631988
1.2749998000000002
1.2593009000000002
1.2543009
1.2566666
1.2574999
1.2574999
1.2573332
1.2824999
1.2814999
1.2524463
1.2564999
1.2516665999999999
1.2516666
1.2766666
1.2556989
1.2516665999999999
1.2516665999999999
1.2516666
1.2806989000000002
1.2758333
1.2516666
1.2508333
1.2758333
1.2556666
1.2556666
1.2766666
1.2516666
1.2541666999999999
1.258199
1.2541666999999999
1.2591667
1.2591667
1.2756991
1.2683334
1.2733334
1.2675001
1.306371
1.2675001
1.2675001
1.2925001
1.3041667000000001
1.2833333999999998
1.2541666999999999
1.2541666999999999
1.304
1.275
1.25
1.2541666999999999
1.254
1.2741666999999999
1.25
1.255
1.275
1.285
1.25
1.254
1.25
1.2581667
1.275
1.25
1.25
1.2541666999999999
1.255
1.2541666999999999
1.25
1.25
1.25
1.25
1.2540323
1.25
1.276
1.2780323
1.25
1.28
1.2540323
1.275
1.25
1.255
1.25
1.2548397
1.275
1.255
1.25
1.2540323
1.2508065
1.2708333
1.255
1.254
1.25
1.2633333999999998
1.25
1.25
1.25
1.2556
1.3041667000000001
1.2759676999999998
1.2508332999999998
1.2508332999999998
1.26
1.254
1.25
1.2590000000000001
1.25
1.25
1.25
1.27
1.2548065
1.255
1.2540064000000002
1.2508065
1.2540323
1.2508333
1.275
1.2508333
1.25
1.25
1.28
1.255
1.25
1.275
1.275
1.305
1.27
1.2751603
1.254
1.275
1.2590063999999999
1.275
1.2758333
1.2581603
1.2561667
1.25
1.2849732
1.2541666999999999
1.2558064999999998
1.25
1.2508333
1.25
1.25
1.25
1.254
1.2540323
1.25
1.25
1.275
1.25
1.25
1.25
1.25
1.255
1.275
1.2508065
1.2541666999999999
1.2540323
1.251
1.25
1.2590000000000001
1.25
1.2588461000000002
1.275
1.275
1.25
1.25
1.25
1.275
1.25
1.2581667
1.279
1.258
1.255
1.264
1.283
1.283
1.2671667
1.2711666999999998
1.2661667
1.2711667
1.2661666999999999
1.2751667
1.2619999999999998
1.2619999999999998
1.2667999999999997
1.2909999999999997
1.2699999999999998
1.2701666999999999
1.2699999999999998
1.2710054
1.2671666999999998
1.2790267999999998
1.255
1.255
1.2558
1.25496
1.254
1.258
1.25
1.3
1.251
1.2790000000000001
1.2548333
1.2508333
1.2556665999999999
1.2516666
1.2516666
1.2524998999999999
1.2564999000000001
1.2533332
1.2831450000000002
1.2534999
1.2524998999999999
1.2549998
1.2751074000000002
1.2808332999999998
1.2680387
1.255
1.265
1.2598
1.2590000000000001
1.2541667
1.2583667
1.2633667
1.2825666999999998
1.2684
1.2732333000000002
1.2584
1.2875667
1.2586
1.2626
1.286568
1.2584
1.2926
1.3094
1.2594
1.2601936
1.2542
1.2705587
1.2793999999999999
1.2694065
1.2716
1.2626
1.2582
1.2542
1.2542
1.2542
1.2592
1.2622
1.2632
1.2784
1.2542
1.2842000000000002
1.2542
1.2665925
1.2583667
1.2583667
1.2542
1.2542
1.2542
1.2583667
1.2742
1.2742
1.2542
1.2598
1.2542
1.255
1.25
1.2790000000000001
1.254
1.27
1.2508333
1.2558064999999998
1.2558065
1.2768065
1.2549732
1.2508065
1.2508065000000002
1.2508065000000002
1.2556064999999998
1.2758065
1.2556452999999999
1.2508065000000002
1.2758065
1.2508065
1.25
1.255
1.25
1.255
1.2551603
1.255
1.27
1.2758064999999998
1.25
1.251
1.25
1.25
1.25
1.25
1.2641666999999999
1.25
1.3091667
1.2541667
1.2541666999999999
1.2541666999999999
1.2591667
1.2741666999999999
1.2631399
1.2590054000000002
1.2541666999999999
1.2541666999999999
1.2841398999999998
1.2675001
1.2625001
1.2625000999999998
1.2665324
1.2925000999999998
1.2625000999999998
1.2625001
1.2583334
1.2551667
1.2589732
1.2623657
1.2733333999999998
1.2583334000000002
1.2583334
1.2633333999999998
1.2733333999999998
1.2633333999999998
1.3091667
1.2541666999999999
1.2541666999999999
1.2598118
1.2541667
1.267199
1.2781667
1.2841667
1.2641666999999999
1.2631667
1.2883334
1.2623334
1.2843334000000002
1.2541666999999999
1.2591667000000002
1.2541666999999999
1.2541666999999999
1.2541666999999999
1.2583334
1.255
1.2791667000000002
1.2841667
1.2591667000000002
1.2791667
1.2541666999999999
1.2541666999999999
1.2541666999999999
1.2591667000000002
1.2791667
1.2591667000000002
1.2551667
1.2623657
1.2591667
1.2591667
1.2641666999999999
1.2691667
1.2725000999999998
1.2988443
1.2832043
1.2930323000000001
1.2893333999999999
1.281
1.2776668
1.2853334
1.2900376
1.2903334000000002
1.3061667
1.2910000000000001
1.3063334
1.3181334000000005
1.2831666999999998
1.2868118000000002
1.2811667
1.3261667
1.2830000000000001
1.2911667
1.2892313000000002
1.3111667
1.2871667000000002
1.2853657
1.2761667
1.2836668
1.2843334
1.2761667
1.2881666999999999
1.2941667000000003
1.2972043000000002
1.2930000000000001
1.2953334
1.3175216
1.3093334
1.3138333
1.2921667000000001
1.2965001
1.2873657000000003
1.3191616000000002
1.2721667
1.2819424000000004
1.2713334000000003
1.2903334000000002
1.2903334000000002
1.2653334
1.2693334
1.3000376
1.2795001000000001
1.2945001000000003
1.2945001000000003
1.2803333999999997
1.2685324000000002
1.2653334
1.3103334000000002
1.2845216
1.2813334000000003
1.2870000000000001
1.2883334000000002
1.2806065000000002
1.2601667
1.2621667000000005
1.2668333000000005
1.2628333000000003
1.2580000000000005
1.2580000000000005
1.2871667000000002
1.2560000000000002
1.2821291000000001
1.2560000000000002
1.2890646000000003
1.2560000000000002
1.2610000000000003
1.2550000000000003
1.2580000000000002
1.2576989000000003
1.2570000000000001
1.2510000000000001
1.2550323
1.276
1.2820000000000003
1.257
1.2770000000000001
1.252
1.252
1.2762
1.2561667
1.2560323000000002
1.2851667
1.2510000000000001
1.2710000000000001
1.2510000000000001
1.2510000000000001
1.3010000000000002
1.2670000000000001
1.2540000000000002
1.2540000000000002
1.2548333000000003
1.2551539000000003
1.2556398000000002
1.2740000000000002
1.2790000000000001
1.2528333
1.2570000000000001
1.2720000000000002
1.272
1.2520000000000002
1.2958064999999999
1.2768065
1.2889732
1.2508065
1.2701613
1.255
1.295
1.25
1.25
1.275
1.255
1.25
1.2540323
1.254
1.2541666999999999
1.2540323
1.25
1.251
1.25
1.275
1.25
1.25
1.2758333
1.255
1.2543334
1.25
1.2501667
1.255
1.255
1.25
1.2548386999999999
1.256
1.255
1.25
1.254
1.25
1.2508065
1.2541666999999999
1.25
1.25
1.2540323
1.2558333
1.25
1.254
1.251
1.2791667
1.275
1.2590323
1.255
1.254
1.2541666999999999
1.2591667
1.25
1.25
1.2516666
1.25
1.275
1.27
1.25
1.2508333
1.271
1.2541666999999999
1.3
1.2758064999999998
1.27
1.2540323
1.2541666999999999
1.25
1.2716398
1.256
1.2508065
1.25
1.25
1.25
1.25
1.2791667
1.275
1.3081667
1.25
1.25
1.25
1.25
1.25
1.27
1.315
1.2541666999999999
1.2583334
1.2741667
1.2541666999999999
1.2541666999999999
1.2541666999999999
1.25
1.255
1.251
1.25
1.2958333
1.2516666
1.2590323
1.2548000000000001
1.25
1.27
1.2508065
1.25
1.255
1.275
1.255
1.251
1.274
1.275
1.2541666999999999
1.25
1.26
1.2540323
1.2856452000000003
1.25
1.2568333
1.2798656
1.255
1.255
1.2541666999999999
1.255
1.25
1.25
1.25
1.2583334
1.315
1.274
1.27
1.25
1.27
1.25
1.255
1.256
1.25
1.2502
1.2541666999999999
1.25
1.27
1.25
1.25
1.27
1.275
1.255
1.2549732
1.25
1.25
1.2508065
1.254
1.25
1.27
1.2508333
1.2558333
1.2559732
1.2518065
1.2508065
1.25
1.25
1.261
1.2557797
1.2641666999999999
1.25
1.28
1.2708333
1.2558333
1.25
1.255
1.25
1.2508333
1.25
1.275
1.27
1.2541666999999999
1.25
1.254
1.25
1.25
1.255
1.25
1.2891667
1.2590323
1.255
1.2558333
1.25
1.2781667
1.25
1.25
1.255
1.2558064999999998
1.27
1.2508065
1.25
1.2566666
1.2508333
1.2508333
1.2508333
1.2708333
1.2558333
1.2673667
1.25
1.2590063999999999
1.25
1.25
1.2508333
1.275
1.255
1.275
1.255
1.255
1.2591667
1.2641667
1.2591667
1.2591667
1.2601666999999999
1.263199
1.2591667
1.2641667
1.2601666999999999
1.2541666999999999
1.2741666999999999
1.2741667
1.2641399
1.2541666999999999
1.2541666999999999
1.2541666999999999
1.2790323000000001
1.25
1.2580646
1.27
1.2708065
1.274
1.2598387
1.2708065
1.2518065
1.25
1.271
1.25
1.28
1.2583334
1.2508065
1.27
1.275
1.2790000000000001
1.255
1.2541666999999999
1.2718065
1.255
1.25
1.2758064999999998
1.25
1.25
1.2518065
1.25
1.2518333
1.25
1.264
1.25
1.2591667
1.27
1.2590000000000001
1.25
1.255
1.25
1.2540323
1.25
1.25
1.2508065
1.2990323000000001
1.2541666999999999
1.2540323
1.25
1.271
1.2558333
1.25
1.2758064999999998
1.25
1.2590333
1.2541666999999999
1.2518065
1.255
1.255
1.25
1.27
1.2748
1.28
1.2508065
1.275
1.26
1.26316
1.2641666999999999
1.284
1.28
1.2798333
1.275
1.2791667
1.2790323000000001
1.3241667000000001
1.3091603
1.3161667
1.305
1.3090323000000001
1.313199
1.303199
1.2790323
1.2790323000000001
1.2790323
1.2921989999999999
1.2790323
1.2919046
1.2890000000000001
1.2881666999999999
1.2798333
1.284
1.3248064999999998
1.287
1.2830000000000001
1.3030000000000002
1.2931666999999998
1.3
1.328
1.2790000000000001
1.2790000000000001
1.3080322999999998
1.284
1.288
1.2919999999999998
1.288
1.297
1.327
1.2988333
1.297
1.3219999999999998
1.3238332999999998
1.298
1.2940332999999997
1.3198064999999999
1.2890000000000001
1.2851667
1.3101613000000003
1.3041613
1.3049946
1.3041613
1.3051612999999997
1.308328
1.3041613
1.3041613
1.3191613000000002
1.2791613
1.2831936000000002
1.2791613
1.3137667
1.293
1.2638064999999998
1.263
1.3030000000000002
1.2930000000000001
1.2721666999999999
1.2768
1.2759999999999998
1.3219999999999998
1.2819999999999998
1.2851666999999998
1.2770000000000001
1.2859999999999996
1.2719999999999998
1.268
1.3098064999999999
1.264
1.2590000000000001
1.284
1.284
1.2590000000000001
1.284
1.27
1.2690000000000001
1.264
1.2890000000000001
1.3089999999999997
1.264
1.2630322999999999
1.2788
1.274
1.3180322999999998
1.2781989999999999
1.2800322999999998
1.2761989999999996
1.276199
1.2760968999999998
1.2810969
1.2812313
1.2920646
1.2801291999999997
1.2891614999999998
1.2881614999999997
1.2891291999999999
1.2841291999999997
1.2859355999999997
1.2760968999999998
1.2720646
1.2720969
1.2720969
1.271398
1.2772313
1.2763980000000001
1.2640323
1.2779032000000001
1.2640323
1.2640323
1.2940323
1.2648656
1.2781989999999999
1.27
1.2784616
1.2630000000000001
1.2896
1.2640323
1.2641666999999999
1.2691667
1.28
1.2641666999999999
1.2963001
1.2649732
1.2841667
1.2631667
1.2641666999999999
1.2641666999999999
1.2641666999999999
1.295
1.27
1.263
1.2641666999999999
1.255
1.255
1.255
1.275
1.26
1.2620000000000002
1.2606
1.25
1.2508333
1.2601667
1.2550323
1.284
1.25
1.275
1.255
1.25
1.25
1.295
1.2633333999999998
1.2641399
1.2633333999999998
1.2633333999999998
1.2643334
1.2833333999999998
1.2675001
1.2651014
1.2873334
1.2641334
1.2683334000000002
1.2683334
1.2733587
1.2683334000000002
1.295
1.2893333999999999
1.2641666999999999
1.2633333999999998
1.2591667
1.2593334
1.2593334
1.2658333
1.2651667
1.26
1.2609935
1.2858064999999999
1.265
1.2618352
1.2908065
1.2617797
1.266
1.256613
1.2617797
1.2617797
1.2767797
1.2874195
1.2674219
1.2632527999999998
1.2566130000000002
1.2566417
1.2608065
1.2558064999999998
1.2659732000000001
1.2568065
1.2558064999999998
1.2758064999999998
1.2559744000000002
1.2558065
1.2558065
1.2817741999999999
1.2558065
1.2608077
1.2576398
1.2556065
1.2508348
1.2508065
1.25
1.29
1.255
1.255
1.25
1.25
1.254
1.2591667
1.2550323
1.25
1.255
1.2551667
1.2966666
1.254
1.2708333
1.2748333
1.2590333
1.25
1.2808065
1.2583334
1.254
1.2791667
1.2508065
1.2998333
1.2908332999999999
1.2801667
1.2748333
1.2716666
1.2908666
1.2561667
1.251
1.2510000000000001
1.2554254
1.2718576
1.2550333
1.2688739999999998
1.28
1.256
1.2633587
1.25
1.279391
1.2998333
1.26
1.255
1.2765133
1.25
1.2841667
1.2591667
1.2501935
1.2701667
1.2508333
1.252
1.255
1.2509945999999998
1.2501615000000001
1.2541946
1.2703226
1.2594570999999999
1.2553226
1.2714517
1.2556452000000002
1.2506452000000001
1.2706762
1.2506506
1.2709678
1.2588119
1.2544947
1.2797149
1.250328
1.2721559
1.255328
1.2901613
1.2501613
1.2752267000000002
1.2501666999999999
1.2549948
1.2501613
1.2543279999999999
1.2501613
1.2593279999999998
1.2741689999999999
1.2509731999999998
1.2501613
1.2573777000000002
1.2601667
1.2501613
1.2719946
1.2511613
1.2751613
1.2501613
1.2541613
1.2501613
1.2503226
1.2503279999999999
1.2711559
1.2603226
1.2703280000000001
1.2503279999999999
1.2541666999999999
1.2718079999999998
1.2500323
1.2551667
1.2543666999999998
1.2742067
1.25
1.2508065
1.2540012999999999
1.3011667
1.2929602
1.2851641999999999
1.26
1.286187
1.26
1.2541666999999999
1.2583667
1.2560269
1.254877
1.2592638999999999
1.2701613
1.25
1.2550018
1.255
1.2708333
1.25884
1.25
1.25
1.25
1.25
1.25
1.2765962
1.255
1.2752179
1.2548333
1.2508333
1.2508708
1.2550708
1.2762042
1.2549041
1.2549105
1.2517478
1.2726092
1.2793846
1.2802554000000002
1.2569987
1.2557057
1.2725374
1.2778654
1.2516666
1.2567040999999999
1.2526964
1.2516666
1.2717041
1.2518256
1.2602244
1.2710375
1.2517041
1.2534143
1.2565865
1.250847
1.2883845999999999
1.25
1.25
1.260415
1.2591667
1.2832143999999999
1.2960512
1.2541666999999999
1.2785001
1.263678
1.2625654
1.2543845999999998
1.2793846
1.258718
1.2598067
1.2708333
1.2768000000000002
1.2541666999999999
1.2708333
1.2543536
1.292923
1.25
1.2701667
1.2581669
1.2676787
1.250877
1.2742
1.2708333
1.3016036
1.2958333
1.25
1.2549115
1.2558333
1.2542323
1.2541666999999999
1.25
1.2708333
1.271
1.2716666
1.2551667
1.2541666999999999
1.2540333
1.2542
1.2795513
1.25
1.275
1.2708333
1.2734205
1.2773873
1.275
1.2543845999999998
1.25
1.2550016
1.2857341
1.2542
1.25
1.2920051999999997
1.2927103
1.2510087
1.2770896999999999
1.2543757
1.2517477
1.271
1.2541666999999999
1.25
1.259328
1.2591667
1.2553589
1.2748666
1.2592
1.2708333
1.2803845999999999
1.2629499
1.2754178999999999
1.2736410999999999
1.2945104
1.250877
1.2935435999999998
1.272581
1.251754
1.3141053
1.2517104000000001
1.2516666
1.2526310999999999
1.2534222
1.2807167
1.271704
1.2761217999999999
1.25
1.251
1.2508771
1.2501741
1.25
1.25
1.2543845999999998
1.2625334000000001
1.2591679999999998
1.2802179
1.2752179
1.2541666999999999
1.2516398000000002
1.27
1.25
1.2798836
1.260699
1.2545344
1.2541666999999999
1.2558333
1.2502067
1.25
1.2550525000000001
1.2548666
1.2549667
1.251
1.3168396999999998
1.2751431
1.275
1.2802242000000001
1.275
1.2763147000000001
1.2551667
1.255
1.25
1.2541666999999999
1.25
1.25
1.2541666999999999
1.271
1.2550270000000001
1.2510307
1.2508333
1.2508781999999998
1.279391
1.2956666000000001
1.25
1.2916333
1.2596475
1.2508333
1.2719613
1.2800437
1.2508333
1.2830002000000003
1.2559962
1.2770896999999999
1.2543917
1.2748769
1.3056374
1.2594297
1.3212549999999998
1.2583334
1.2603421
1.2541666999999999
1.2543845999999998
1.2565863
1.2587692
1.2541666999999999
1.2593641
1.304
1.2593664
1.2585846
1.3031038999999998
1.2758333
1.2719230000000001
1.2772803000000001
1.25
1.2766655
1.25
1.256
1.25
1.2501757
1.275
1.2598131000000001
1.2743854000000001
1.2543845999999998
1.25
1.2962187
1.2708333
1.2508349
1.3001922000000001
1.3068333
1.2687873
1.2591667
1.2646842999999999
1.2859463
1.2793846
1.2587435
1.2637435000000001
1.2639729
1.2597369
1.2629764
1.2667846
1.285725
1.2863702000000001
1.268656
1.2726145000000002
1.2635344
1.2654989
1.263813
1.2608783000000001
1.2601782
1.281305
1.2640373
1.2594284
1.2552617000000001
1.2562601
1.286036
1.2560951
1.2990255000000002
1.2559208
1.2571419
1.2914225
1.260342
1.3343437
1.2604614
1.2886195
1.2603726
1.2613333
1.2644098
1.255
1.2551613000000001
1.2601921999999999
1.25
1.2548067
1.2758333
1.2919424000000002
1.25
1.2759654
1.2543845999999998
1.2551667
1.2501986999999999
1.2550436999999999
1.255928
1.2600957
1.2717948
1.2758333
1.25
1.2701667
1.3218
1.2552616
1.2551999999999999
1.2719230000000001
1.2969290999999998
1.2725758
1.2549669
1.2823667
1.2582284
1.25
1.275
1.27516
1.274391
1.275
1.2553846
1.254877
1.2542
1.3146792999999999
1.2963076
1.2608755999999999
1.25
1.25
1.3009038000000002
1.2512
1.251
1.2710087
1.2596272
1.2550857
1.2563211
1.2571473
1.2510436999999999
1.250377
1.2547846
1.2762175999999998
1.2596063000000002
1.2547599999999999
1.2504194
1.2545563999999998
1.2771081000000002
1.2606127
1.2960550999999998
1.2940460000000003
1.2750708
1.2710000000000001
1.2710087
1.2512374
1.3000462
1.2759934
1.25
1.25
1.2708333
1.2749936
1.2781667
1.2541666999999999
1.2801869
1.2807667
1.2719230000000001
1.2800074000000001
1.2541666999999999
1.2752243
1.2802564
1.2541666999999999
1.2591913
1.2541667
1.2627267
1.2797692
1.279968
1.2585513
1.275
1.2541666999999999
1.2791667
1.2590000000000001
1.2785677
1.2595203
1.3020051000000001
1.25556
1.2541666999999999
1.2552512
1.2791871000000001
1.2552179
1.2543845999999998
1.2549936
1.2642563
1.2543845999999998
1.3067933999999999
1.2589734
1.3060833
1.2875921
1.2631602999999998
1.2643765999999999
1.2592179000000001
1.2897395
1.2593846
1.2541666999999999
1.2791667
1.2800553
1.2584252999999999
1.259392
1.2543846
1.2969598000000002
1.2543846
1.254391
1.2543845999999998
1.25088
1.2790846999999999
1.2552616
1.2585513
1.2597951
1.2543969
1.25
1.2590080000000001
1.2501754
1.25
1.3132756
1.2719230000000001
1.2958787
1.2763523
1.2568092
1.2703334
1.2956729999999999
1.2701667
1.251
1.2585256
1.30212
1.25
1.2551667
1.2709936
1.3179587000000001
1.2548400000000002
1.2961923000000002
1.2543845999999998
1.2543845999999998
1.2593934999999998
1.2751667
1.255
1.2646865
1.2541666999999999
1.2792317
1.2792317
1.2793846
1.2801920000000002
1.255
1.2587692
1.255
1.3000064
1.2553846
1.254392
1.3006731000000002
1.2793780000000001
1.279392
1.27556
1.2585528
1.2745779
1.2948666
1.25
1.2756707
1.2761577
1.3013589
1.2719597999999999
1.271984
1.2719597999999999
1.2590333
1.25
1.25
1.25
1.2709614999999999
1.25
1.25576
1.2592117999999999
1.25
1.2719230000000001
1.2508333
1.2635267000000001
1.275
1.25
1.2548000000000001
1.3137948
1.25
1.2709923
1.2797181
1.255
1.25
1.2709984
1.2551613000000001
1.2708333
1.2768333
1.2759744
1.25
1.2709987
1.25
1.25
1.2585513
1.2766334000000001
1.2509934
1.276
1.2719597999999999
1.275672
1.2509951000000001
1.25
1.25
1.2980665999999998
1.28564
1.274967
1.2608013
1.2701667
1.2508333
1.2549754
1.2500351
1.2742
1.271984
1.2748794
1.25
1.2763808
1.2977670000000001
1.2501667
1.2969920000000001
1.25
1.2701667
1.2791759
1.2971344
1.25
1.2552763999999998
1.3247963999999999
1.2847989000000002
1.2559677
1.2709935
1.2553601
1.2508797
1.2543967999999999
1.296984
1.2808784
1.2609342000000001
1.2543970999999998
1.25
1.25
1.25
1.251841
1.3260375
1.255
1.275
1.25
1.2747507
1.2554541000000001
1.2769949999999999
1.2600352000000001
1.3071501999999997
1.2887632
1.2603982
1.2855110000000003
1.2686283
1.2686883
1.2903244
1.269393
1.303519
1.2991995
1.2735408
1.3161022
1.2679631
1.2895716
1.2723334
1.2877316
1.2683994
1.2734709000000002
1.319195
1.3123809
1.2685316
1.26856
1.2887247000000002
1.2841667
1.2541666999999999
1.2759676999999998
1.2769789
1.2841667
1.3139630999999996
1.2998000000000003
1.2953318000000003
1.2770815
1.2858074
1.2633426
1.2833078
1.3302384999999999
1.2993932000000001
1.3001667000000001
1.275
1.275
1.27596
1.2686323
1.2541666999999999
1.2858405
1.26
1.2597946
1.3072344
1.2548796999999998
1.2806079999999997
1.2549742000000002
1.275
1.2886153999999999
1.2868000000000002
1.2559615
1.2941886
1.2901925999999997
1.3087563
1.2858334000000002
1.2924213
1.2660897
1.2629977000000001
1.2600065
1.2809614999999999
1.2669719000000002
1.2680668000000002
1.2619282
1.2698002000000002
1.2739066000000001
1.2891254
1.2687734
1.2618347
1.2559935
1.3318107000000001
1.2861680999999998
1.2826385
1.2569668
1.2551987
1.296
1.25
1.2798387
1.3219117
1.2978694000000002
1.2648386999999999
1.3055254000000003
1.3081667
1.2601667
1.2687964
1.2637964
1.2593933
1.2605982
1.305
1.26
1.2651267
1.3115127000000002
1.2904056999999998
1.2593982
1.2603649
1.2843932999999998
1.2559667
1.256
1.2601667
1.2757182
1.2599603000000001
1.2769611
1.25
1.3267113999999998
1.26
1.2958333
1.255
1.2810093
1.25
1.2593341
1.2614
1.255
1.255
1.2602
1.2603334000000002
1.3140067
1.3158078
1.2711667
1.2892000000000001
1.2602000000000002
1.3010089999999999
1.28
1.2769923
1.27
1.2816733
1.255
1.25
1.2998067
1.25
1.2551667
1.281
1.288399
1.2617181
1.25
1.25
1.2742
1.3481667
1.256
1.2750333
1.3062333000000002
1.28
1.28
1.3059987000000002
1.3060070000000001
1.3159676999999999
1.2548000000000001
1.2593587
1.2659282
1.25496
1.279984
1.27996
1.3071856000000002
1.3161856
1.2903856000000002
1.2607295
1.2602000000000002
1.2598
1.2608
1.2926457
1.25976
1.2708544000000002
1.25976
1.2842049
1.2858067
1.2548000000000001
1.3023856
1.3159933000000001
1.2753590000000001
1.2548000000000001
1.2548000000000001
1.25
1.2558782
1.2661667
1.2661667
1.2758333
1.3568012999999999
1.2551667
1.335
1.3101679000000002
1.2868333
1.2749933
1.25
1.2570000000000001
1.25
1.25
1.285
1.3
1.25
1.3008332999999999
1.2758
1.2750051999999998
1.2851652999999998
1.2752
1.2558013
1.28
1.251
1.2800333000000002
1.25624
1.278001
1.3201999999999998
1.2551653999999999
1.275
1.25
1.2756785
1.2562
1.32024
1.25
1.256
1.25584
1.2603982
1.275
1.25
1.2559933
1.262
1.2601667
1.25
1.25
1.255
1.251
1.2818266
1.2948000000000002
1.2500333000000001
1.2500384
1.2794048
1.2560767999999998
1.2551999999999999
1.2550397
1.2710332999999998
1.2510336
1.2500384
1.3048332999999999
1.2758
1.31084
1.2558333
1.2758333
1.3000336
1.2882528
1.31
1.305
1.27604
1.31
1.3061667
1.3048397
1.3066656
1.2807933
1.2909616
1.255
1.256
1.255
1.2649744
1.2911667
1.2610000000000001
1.3051679999999999
1.255
1.2800333000000002
1.26196
1.255
1.275
1.2864548999999998
1.2901667
1.256
1.2852
1.255393
1.28
1.2967619
1.281
1.251
1.25
1.285976
1.2661667
1.2603667
1.25
1.28596
1.256
1.279808
1.2752
1.275
1.255
1.2512
1.3018013
1.2551667
1.305
1.25
1.2551667
1.3168009999999999
1.28
1.2561932999999998
1.2552384
1.259992
1.256
1.254968
1.25
1.305
1.3016666000000001
1.2551667
1.25
1.262
1.28
1.2794251
1.2508784
1.256
1.27896
1.286
1.2559616
1.2860399999999998
1.2918333000000002
1.261128
1.276
1.256
1.256967
1.2572
1.3349565
1.3513273000000001
1.4098467
1.3031666999999998
1.3203334
1.3145334
1.3011333999999999
1.3201667000000001
1.32
1.3269654
1.2971334
1.3153587
1.3159999999999998
1.26
1.2551667
1.310968
1.2851667
1.2801667
1.26
1.3011667
1.2655001000000001
1.2601667
1.355
1.2903334000000002
1.3053081
1.3216333
1.2961334
1.3055333999999998
1.2953334
1.3003334000000002
1.3251266999999998
1.345
1.2672333
1.315968
1.3359602999999998
1.2953334
1.2703334000000002
1.2993667
1.2760950000000002
1.3884067
1.295
1.3051603
1.2701667
1.2793657
1.3151667
1.2956666000000001
1.3151334
1.2651667
1.260327
1.2911667
1.2798333
1.2810333
1.2678333000000002
1.2558333
1.2601296
1.256
1.2500399999999998
1.28
1.2758333
1.255
1.2853334
1.275
1.2808069
1.25
1.28
1.2758333
1.251
1.25
1.2761667
1.2622
1.25
1.25
1.2574067
1.251
1.28
1.2502067
1.3358266
1.275
1.2824
1.255
1.3174333000000003
1.3103334000000002
1.2653334
1.2601667
1.2859667000000001
1.2709732
1.2803334000000002
1.2853436999999999
1.2999736000000002
1.2701667
1.2951667
1.29016
1.2976222000000002
1.27016
1.3188068999999998
1.27
1.2991539
1.3001667000000001
1.275
1.3018589
1.26
1.2902003
1.295
1.3452000000000002
1.3203334
1.3499695
1.315
1.335
1.3608333
1.3089999999999997
1.3359999999999999
1.2891584
1.29
1.3
1.3045011
1.3259999999999998
1.3
1.2939999999999998
1.2648065
1.265
1.2600399999999998
1.2621600000000002
1.259
1.285
1.26084
1.2601282
1.2651667
1.285
1.2642
1.3383535
1.3210000000000002
1.2895213
1.2651667
1.2746467
1.2939937000000001
1.2651667
1.26
1.270001
1.2656154000000002
1.2590000000000001
1.2562244
1.28
1.3001667000000001
1.26
1.256
1.256
1.2512012
1.2770000000000001
1.3374397
1.28
1.3222512
1.25
1.2752067
1.3
1.2768049
1.2701613
1.25
1.25
1.2522
1.281
1.251
1.2519230000000001
1.2849923
1.25
1.275232
1.2841923
1.260192
1.2562253
1.3049923
1.2653656999999998
1.2851920000000001
1.2609987
1.3071840000000001
1.2961957999999998
1.3312382999999999
1.3616176000000002
1.2857936
1.3209946
1.3058579000000001
1.3068
1.2999616
1.3211613
1.2809948
1.275
1.28096
1.284
1.2759923
1.275
1.3058333
1.3
1.2760049
1.2846153999999999
1.275
1.2750246
1.3206202999999999
1.3100245999999998
1.3100489
1.3519926
1.3700243
1.365
1.365
1.3410246000000001
1.3908656000000001
1.3885692
1.3928332999999997
1.3650246
1.4100243000000001
1.3808333
1.3800051
1.3590569
1.3858166
1.3768333000000001
1.3802159
1.387658
1.4051355
1.3558332999999998
1.3606709000000001
1.3408399
1.3211833999999998
1.3118
1.3068246
1.3628333000000001
1.3357999999999999
1.3368
1.3858
1.3357999999999999
1.3418
1.342843
1.3378469000000002
1.3626011
1.3184010000000002
1.3734061000000002
1.3724246
1.3608083000000002
1.3058246
1.3666333
1.3138504999999998
1.375569
1.3447722
1.3174000000000001
1.3473999999999997
1.3025677000000002
1.2924
1.3332243
1.3072049
1.3242013
1.3378091999999997
1.3624
1.3616
1.3415999999999997
1.3616
1.3606412999999997
1.3657599999999999
1.4300655999999998
1.3511665
1.3649613
1.3314078999999999
1.281613
1.3366
1.3299016000000001
1.310677
1.3104154
1.3023676999999998
1.2984
1.3355076
1.3209492999999997
1.3223116
1.2908868999999998
1.305045
1.2915676999999999
1.3657985000000001
1.2907616000000002
1.3031477
1.279882
1.2748769999999998
1.2758
1.3306782999999998
1.3015999999999999
1.3516
1.3369216
1.3416
1.327632
1.3296067
1.3075842999999998
1.3257999999999999
1.326069
1.3066048999999997
1.3258326
1.30236
1.30668
1.3008559
1.3258477
1.2972771
1.3339246999999999
1.3159706
1.3476469
1.3380900000000002
1.3262725999999998
1.30329
1.3828082000000002
1.308122
1.2971542999999999
1.3600516999999996
1.3281526
1.2980466999999998
1.3140146
1.3047569
1.3399771
1.3230276
1.3067948999999999
1.3009923
1.28
1.304016
1.3049744
1.316048
1.2752331000000001
1.2990323000000001
1.2988467
1.2998813
1.328016
1.2991101999999999
1.2838478
1.2780073
1.271
1.2780864
1.2782403
1.2730454000000002
1.3036477
1.2648416
1.2608733
1.2590334
1.2648016000000002
1.2548400000000002
1.2558467000000002
1.264175
1.27984
1.3066323
1.2540067000000001
1.2698212
1.289872
1.3151654000000002
1.288872
1.270832
1.2867986999999999
1.2616398
1.2819987
1.2944233000000003
1.2996398999999998
1.3350064000000004
1.2905734000000002
1.2807613
1.3374323000000001
1.2913306
1.2861267
1.2858334999999999
1.262037
1.2551999999999999
1.2843600000000002
1.2853667000000002
1.2842333
1.285
1.2600322999999998
1.3340323
1.2542335999999998
1.29
1.2842755
1.26516
1.2663011
1.26
1.2967613
1.2952
1.2938067000000002
1.2940323
1.2850402
1.2701667
1.2652093
1.2745600000000001
1.2948332999999999
1.264208
1.2721667
1.3471526
1.2645187
1.2893394999999999
1.2993651
1.3140054
1.2835635000000003
1.3103318000000002
1.2843648
1.2843648
1.3587302000000003
1.325338
1.3129305
1.3786982
1.375459
1.3545638000000002
1.3560953
1.3055302
1.3085372000000004
1.2993331000000001
1.3823667
1.3060387000000002
1.3273513
1.3499286000000001
1.3019132000000002
1.3091323999999998
1.3510076
1.3353203000000002
1.3257250999999999
1.3131830000000002
1.3052933999999998
1.3327891000000003
1.2888592
1.3049286
1.3041273000000002
1.3217244000000001
1.3187986999999999
1.3447154999999997
1.3627742999999999
1.3128811000000002
1.3081904
1.3021116000000001
1.309127
1.3605559999999999
1.3287465
1.3131209000000001
1.3101852999999999
1.2819606000000001
1.2834000000000003
1.2803654000000002
1.3120053
1.3361221
1.3576544000000001
1.4090744999999998
1.3752461000000002
1.4255754000000003
1.4181598999999998
1.3574326
1.3140717000000002
1.3180497
1.3383651
1.3338019
1.3132317
1.3290319999999998
1.3093600000000003
1.3202618000000002
1.3085955
1.3142451
1.3103636999999997
1.3334290999999998
1.3334768000000004
1.3714778
1.3461603000000002
1.3335590000000002
1.3603638999999998
1.3316717
1.3223971
1.3582000000000005
1.3605158000000004
1.3243184000000001
1.4055831000000003
1.4104303999999999
1.4365258
1.4673651000000003
1.4430851000000002
1.4637330999999998
1.4331606000000001
1.406303
1.3824384000000003
1.3750064000000004
1.3937238000000005
1.4193198000000005
1.3792614
1.3524436000000002
1.3412449000000004
1.3737359
1.3854128000000003
1.3727321000000001
1.3716916000000003
1.3618791000000001
1.3675296000000003
1.3722173
1.3959254
1.4052881000000002
1.3596191000000004
1.3524234999999998
1.3748548999999999
1.3079847
1.3235810000000003
1.3030867000000002
1.3317731000000002
1.3311913000000002
1.3362064000000005
1.3298334000000003
1.3301419000000003
1.3182618000000002
1.3219072999999997
1.3050451000000003
1.2741672
1.3048031999999998
1.2797726
1.2748928000000002
1.2842546
1.2972194000000001
1.2919999999999998
1.2670449000000001
1.3020095
1.2673293
1.263
1.2922464000000002
1.2710772
1.2670448999999997
1.2971925999999998
1.2723059
1.2942417999999998
1.2970323
1.2922323
1.2983854
1.263608
1.3016503
1.2967341000000001
1.2720898
1.2746923
1.2698535999999998
1.2704141
1.2755490999999999
1.2715509999999997
1.3114749999999997
1.2814997
1.2774992999999997
1.2755029
1.3026389
1.3035275999999998
1.2836851999999999
1.2786274
1.3018626
1.305213
1.3060395
1.2900588000000002
1.3362799
1.2812010999999999
1.3161935000000002
1.2862384
1.2881945000000001
1.2941400999999997
1.3252202
1.3028536
1.3237815999999998
1.3169104000000003
1.3441118999999997
1.3446087
1.3545804999999995
1.3151307999999997
1.3300007999999999
1.3376348000000002
1.3294536
1.305505
1.3489137
1.3362600999999996
1.3224786
1.2914716999999996
1.3184781
1.3386923
1.3019999999999998
1.2830000000000001
1.2874665999999997
1.3432319000000001
1.3302626000000004
1.3230868999999998
1.3138137999999997
1.3012144
1.3210572999999999
1.3056203
1.3127418
1.295487
1.2852781999999998
1.3070115999999996
1.3098448999999999
1.3077868000000001
1.2842782
1.3448467
1.3563935000000003
1.2808000000000002
1.3154268000000005
1.3203601999999999
1.2966933999999997
1.3158932000000005
1.3259927999999999
1.2810784000000002
1.3008229999999998
1.2958268000000002
1.2688000000000001
1.2674666
1.2896782000000002
1.2684578000000002
1.2632733000000003
1.2863935000000004
1.2725933
1.2881948999999997
1.2730717000000003
1.2965881000000001
1.2976800000000004
1.2807050000000002
1.2776000000000003
1.2752402000000003
1.3016203000000002
1.2796449
1.3131115
1.2887535000000003
1.3128701999999999
1.3214228999999997
1.3278318999999998
1.3127269999999998
1.2989373
1.2928600999999997
1.3346588
1.3095600000000003
1.3016000000000003
1.2742590999999996
1.2765057999999998
1.3040332999999997
1.2778999
1.2829946
1.2848933999999996
1.2924332999999997
1.2988984999999997
1.2974333000000002
1.3282856
1.2977893
1.3169749000000002
1.2959781
1.3053230999999998
1.3362999000000002
1.3485465999999997
1.3302875
1.3152364999999995
1.3289604999999998
1.3224896000000002
1.3291072999999995
1.3466073999999997
1.3100306000000002
1.3062983999999997
1.3183997999999997
1.3138862999999998
1.3075624999999997
1.2913022
1.2891727
1.2948933999999996
1.2991129
1.3304589999999998
1.3330410000000001
1.2996976999999998
1.3344258999999996
1.3584176
1.3252655999999996
1.3227473
1.3518397999999998
1.3124228
1.3090254000000001
1.3354665999999997
1.346001
1.3466112999999995
1.3150214
1.3098986999999997
1.3694214999999996
1.3153474
1.3405624999999999
1.3360253
1.2826173999999997
1.2902988999999996
1.3162998
1.3212968999999999
1.2930635999999998
1.2979676999999998
1.2989666999999998
1.3023334
1.2921613000000003
1.3111655000000002
1.2861292
1.2862249
1.275
1.2780333
1.3051292
1.28024
1.2711332
1.2761667
1.2827347000000002
1.3209984
1.2709667
1.2754
1.2757024
1.2771667
1.2801654
1.2890213
1.2805334
1.2783334
1.2837001
1.295528
1.2932013999999998
1.3062661
1.2771244
1.3001824
1.2783334000000002
