4.0
4.06
3.94
3.6933333
3.7866667
3.7
3.68
3.64
3.56
3.72
3.64
3.7142857000000005
3.76
3.72
3.64
3.5733333
3.4666667
3.44
3.26
3.22
3.2666667
3.26
3.08
3.28
3.1657142999999994
3.0885715
3.12
3.02
2.88
2.94
2.96
2.8933333
2.9933332999999998
2.9466666
2.8666666
2.8266666
2.7533333
2.7266667
2.6133333
2.7866665
2.7266665999999997
2.5466666
2.5933331999999996
2.5466666
2.5066666
2.4799999
2.4599998999999997
2.3733332000000003
2.4733332000000003
2.3599998999999996
2.2799998999999995
2.2466665999999997
2.2399998999999995
2.3013333
2.2933333
2.1333333
2.1533333
2.16
2.2666665999999998
2.1666666
2.1733333
2.2799999000000004
2.2133333
2.18
2.22
2.1533333
2.1733333
2.1
2.2
2.1333333
2.08
2.0933333
2.0571428
2.12
2.0
2.0906666
2.0866666
2.02
2.08
2.14
2.02
2.06
2.1
2.02
2.04
2.08
2.0533333
2.0933333
2.0933333
2.0533333
2.0933333
2.0666665999999996
2.0266666
2.0399998999999998
2.0466666
2.0933332
2.0999999
2.0733332
2.0438095
2.1466666
2.0399998999999998
2.12
2.1066665999999996
2.0266666
2.1266665999999996
2.1066665999999996
2.0799999
2.0666665999999996
2.0266666
2.14
2.0533333
2.04
2.0
2.04
2.0533333
2.04
2.08
2.0733333
2.04
2.0533333
2.0133332999999998
2.04
2.12
2.0
2.0833333
2.1
2.04
2.0533333
2.0
2.1
2.0399998999999998
2.08
2.084
2.08
2.1
2.0
2.04
2.04
2.0
2.06
2.08
2.0
2.0533333
2.0
2.12
2.0933333
2.0571428
2.02
2.06
2.12
2.1333333
2.08
2.04
2.0266667000000003
2.06
2.02
2.06
2.0657143
2.14
2.0999999000000003
2.0533333
2.0666666
2.0133332999999998
2.0866666
2.12
2.08
2.1133333
2.1433333
2.1133333
2.0533333
2.0933333
2.1066665999999996
2.0533333
2.0666665999999996
2.0666665999999996
2.0266666
2.0533333
2.02
2.04
2.06
2.06
2.04
2.02
2.0733333
2.0333333
2.0533333
2.0533333
2.0599998999999998
2.0999999
2.0466666
2.0933333
2.0866666
2.04
2.0466666
2.0666667000000003
2.04
2.04
2.0933333
2.08
2.06
2.0733333
2.01
2.16
2.0
2.0933333
2.04
2.07
2.0333333
2.0857143
2.02
2.03
2.08
2.0133332999999998
2.0
2.0
2.04
2.04
2.1533333
2.1333333
2.06
2.0133332999999998
2.04
2.08
2.06
2.048
2.05
2.0733333
2.0666665999999996
2.04
2.07
2.0333333
2.0
2.04
2.05
2.0433333
2.1033333
2.01
2.09
2.07
2.01
2.0404761000000002
2.0499999
2.0366666
2.0666666
2.0285713999999997
2.0733333
2.0771428
2.0466666
2.0813333
2.0333333
2.0333333
2.0333333
2.1066666
2.0783332999999997
2.1
2.1
2.0333333
2.1033333
2.04
2.12
2.0933333
2.0333333
2.1333333
2.0733333
2.0333333
2.0666666
2.0933333
2.1133333
2.1366666
2.1159048
2.11
2.0590476
2.09
2.0883333
2.1066666
2.16
2.06
2.0838094999999996
2.1266666
2.0533333
2.08
2.14
2.1
2.1
2.0866666
2.03
2.02
2.12
2.1247619
2.08
2.04
2.0
2.06
2.04
2.05
2.14
2.0733333
2.06
2.16
2.0733333
2.05
2.0457142999999998
2.1333333
2.072
2.0866667000000003
2.06
2.12
2.14
2.06
2.08
2.0933333
2.0333333
2.1333333
2.0
2.06
2.0
2.02
2.06
2.04
2.06
2.0466666
2.06
2.0613334
2.085
2.04
2.07
2.05
2.0633333
2.0433333
2.0057142999999997
2.02
2.0557143
2.01
2.01
2.01
2.09
2.05
2.11
2.02
2.04
2.08
2.0
2.0
2.0933333
2.1
2.08
2.09
2.1
2.0
2.06
2.04
2.08
2.0933333
2.0957143
2.2
2.14
2.16
2.1933333
2.1133333
2.1
2.08
2.16
2.12
2.1133333
2.15
2.1
2.1033333
2.1033333
2.0633333
2.1173333
2.17
2.11
2.15
2.06
2.03
2.0371428
2.1283333
2.1033333
2.0633333
2.04
2.103
2.08
2.04
2.0257142999999997
2.06
2.02
2.1
2.1
2.092
2.02
2.0666667000000003
2.1133333
2.02
2.04
2.09
2.1
2.08
2.08
2.04
2.08
2.12
2.14
2.1133333
2.1
2.2114285999999996
2.14
2.08
2.2
2.06
2.14
2.07
2.1733333
2.08
2.124
2.1419047
2.0733333
2.08
2.1333333
2.1114286
2.0647619
2.1228572
2.0971428999999997
2.1238094999999997
2.0914286
2.1221429
2.0923811
2.1142858
2.1228573
2.1492858
2.1609525
2.1000000999999995
2.0876191
2.1052381
2.1240476
2.0822857999999997
2.1242857999999996
2.1035714999999997
2.0428572
2.0628572
2.0571429
2.0819048
2.0542857
2.0598096
2.0914287
2.0617142999999998
2.0542858
2.0619049
2.0439324
2.0971429
2.0647619
2.0457143
2.1057143
2.0957143
2.0914286
2.0885713999999997
2.0757143
2.1057143000000003
2.0960368
2.1307142999999997
2.1057143
2.1123809
2.0971429
2.0607143
2.1490476000000003
2.1380953
2.1395237999999996
2.1307142999999997
2.1057143
2.1421428000000002
2.1171429
2.1
2.14
2.105
2.08
2.17
2.175
2.145
2.165
2.1733333
2.1366667
2.1021429
2.125
2.065
2.0728571
2.1007143
2.0571428
2.01
2.0
2.0693333999999997
2.0333333
2.1228572
2.06
2.1966666
2.02
2.0
2.08
2.0361903999999997
2.0
2.0133332999999998
2.0733333
2.0
2.1333333
2.048
2.1333333
2.1666666
2.0133332999999998
2.02
2.0
2.0533333
2.064
2.0533333
2.02
2.1
2.06
2.0266666
2.02
2.0333333
2.02
2.0
2.08
2.02
2.0
2.0
2.04
2.0
2.04
2.1057143
2.0228571
2.0266666
2.0
2.1086667
2.0466667000000003
2.0666667000000003
2.0333334
2.0933334
2.0537634000000002
2.1271429
2.0471429
2.0338095
2.0733334
2.1154763
2.0766666
2.0333334
2.0626882
2.032381
2.0733334
2.1333334
2.0438096000000003
2.0338095
2.0561905
2.0561905
2.0733334
2.05
2.0604761
2.0266667000000003
2.0633334000000003
2.0323809999999995
2.0380000000000003
2.0466667000000003
2.0638096000000004
2.0666667000000003
2.0066667000000002
2.0116667
2.0566667
2.0738096
2.0466667000000003
2.0471428
2.0666667000000003
2.1066667
2.11
2.0333333
2.07
2.0371429
2.04
2.1533333
2.1366667
2.0466667000000003
2.1466667
2.0966667
2.1066667
2.1
2.0702382
2.1133334
2.0733334
2.1066667
2.0466667000000003
2.0590477000000003
2.11
2.0866667000000003
2.1066667
2.0266667000000003
2.0733333
2.02
2.1733333
2.06
2.0753333
2.125
2.0533333
2.0733333
2.02
2.0533333
2.09
2.12
2.0771429
2.1
2.06
2.1266666
2.1341935999999997
2.24
2.16
2.16
2.16
2.18
2.2
2.18
2.22
2.18
2.1971429000000002
2.2
2.1933333
2.2
2.16
2.24
2.22
2.2171429000000002
2.26
2.2933333
2.22
2.2
2.2066667
2.16
2.1533333
2.0933333
2.19
2.17
2.1266666
2.1207143
2.16
2.16
2.18
2.2333333
2.1733333
2.12
2.1466667
2.08
2.1838096
2.08
2.14
2.12
2.16
2.1133333
2.12
2.0990476
2.2057143
2.24
2.22
2.16
2.0971429
2.1257143000000003
2.1371429
2.1304762
2.16
2.1304762
2.2142858000000003
2.1471429
2.1571429
2.1733333
2.1857143
2.16
2.24
2.12
2.12
2.16
2.16
2.18
2.2433332999999998
2.1933333
2.33
2.2390476
2.26
2.2733333
2.3
2.26
2.3
2.3071428
2.2
2.17
2.24
2.19
2.16
2.12
2.1933333
2.1
2.1333333
2.1228571
2.1133333
2.0866667000000003
2.115
2.2066667
2.14
2.11
2.06
2.0533333
2.0533333
2.1933333
2.14
2.05
2.07
2.06
2.06
2.0933333
2.0933333
2.04
2.04
2.0
2.0666667000000003
2.14
2.07
2.0266666
2.0566666
2.0516666
2.0804762
2.0466666
2.1066666
2.0733333
2.1033333
2.0333333
2.1033333
2.1299998999999996
2.1333332
2.0799999
2.0999999
2.1266665999999996
2.0766666
2.0666665999999996
2.1133332
2.2133333
2.1533333
2.1983333
2.12
2.06
2.04
2.1133333
2.1
2.1
2.12
2.04
2.08
2.0866667000000003
2.18
2.1
2.08
2.14
2.08
2.1
2.06
2.06
2.1066666
2.1
2.04
2.06
2.0533333
2.1219047
2.0133332999999998
2.0333333
2.0933333
2.1333333
2.0466666
2.0866665999999996
2.1066666
2.1493333000000003
2.0438094
2.0533333
2.0466666
2.1466665999999996
2.1133333
2.0933333
2.0933333
2.03
2.0
2.06
2.0333333
2.06
2.0533333
2.1533333
2.1
2.0
2.04
2.04
2.0133332999999998
2.06
2.02
2.04
2.08
2.0
2.0533333
2.0571428
2.02
2.0571428
2.0
2.02
2.0
2.0533333
2.02
2.16
2.0133332999999998
2.0
2.0133332999999998
2.0
2.12
2.0733333
2.0733333
2.0266666
2.04
2.06
2.08
2.0
2.08
2.04
2.0
2.0933333
2.0057142999999997
2.08
2.04
2.08
2.0866666
2.06
2.08
2.16
2.08
2.0
2.02
2.0533333
2.0933333
2.0
2.08
2.12
2.0866666
2.04
2.0933333
2.04
2.0666666
2.04
2.1
2.0
2.0533333
2.04
2.04
2.05
2.04
2.0533333
2.02
2.08
2.02
2.16
2.08
2.08
2.0933333
2.1266666
2.08
2.08
2.12
2.04
2.13
2.14
2.0733333
2.072
2.22
2.04
2.0533333
2.1
2.02
2.0933333
2.06
2.12
2.1419047
2.1361904
2.12
2.0533333
2.04
2.0533333
2.12
2.16
2.1666666
2.19
2.22
2.18
2.14
2.18
2.16
2.1133333
2.1316666
2.1633332999999997
2.1466665999999996
2.1533333
2.1733333
2.1266666
2.11
2.1266666
2.04
2.0933333
2.0666666
2.06
2.0733333
2.02
2.08
2.06
2.0333333
2.08
2.14
2.1
2.02
2.02
2.16
2.06
2.05
2.02
2.04
2.06
2.16
2.085
2.08
2.1
2.08
2.08
2.04
2.12
2.1333333
2.12
2.12
2.2
2.0866666
2.12
2.1333332
2.1
2.06
2.0533333
2.04
2.04
2.06
2.0533333
2.0933333
2.04
2.1
2.2
2.0657143
2.05
2.0399998999999998
2.0
2.14
2.04
2.06
2.06
2.1133333
2.06
2.025
2.14
2.08
2.19
2.12
2.06
2.1
2.08
2.0733333
2.0833333
2.0133332999999998
2.02
2.03
2.04
2.06
2.0666667000000003
2.0933333000000003
2.09
2.14
2.1666667
2.2066667
2.1838096
2.1966667
2.2066667
2.19
2.18
2.12
2.12
2.0466667000000003
2.0933333
2.02
2.06
2.08
2.0333333
2.06
2.06
2.06
2.08
2.0266667000000003
2.11
2.05
2.05
2.11
2.1266667
2.12
2.12
2.1666667
2.06
2.08
2.0233333
2.12
2.16
2.05
2.04
2.12
2.0790476
2.1
2.04
2.04
2.0866666
2.06
2.0533333
2.1133333
2.08
2.08
2.0533333
2.0933333
2.0866665999999996
2.0599998999999998
2.1
2.1666665999999997
2.16
2.0466666
2.04
2.1047619
2.0733333
2.1366666
2.0733333
2.0733333
2.1066666
2.1066666
2.16
2.07
2.0333333
2.0561903999999998
2.06
2.0533333
2.0333333
2.0
2.04
2.08
2.0933333
2.04
2.0373333
2.02
2.06
2.0866667000000003
2.08
2.1
2.12
2.0533333
2.04
2.0866667000000003
2.08
2.1266666
2.0
2.02
2.0766666000000003
2.0466667000000003
2.06
2.0733333
2.025
2.06
2.02
2.0733333
2.0533333
2.1
2.0666667000000003
2.0619047
2.08
2.0628571
2.05
2.1133333
2.06
2.08
2.02
2.04
2.08
2.0933333
2.0733333
2.0533333
2.1066665999999996
2.06
2.0
2.04
2.0
2.024
2.1
2.0561903999999998
2.07
2.08
2.02
2.02
2.1533333
2.1
2.1133333
2.13
2.18
2.1533333
2.1266667
2.14
2.08
2.1
2.12
2.1
2.08
2.12
2.06
2.1466666
2.12
2.1533333
2.08
2.1866666
2.17
2.08
2.0533333
2.0971428
2.12
2.024
2.1933333
2.04
2.0
2.04
2.04
2.04
2.08
2.0
2.0533333
2.125
2.0
2.1
2.0
2.06
2.14
2.0666666
2.0942856
2.0799999
2.0399998999999998
2.0999999
2.0853333000000003
2.0333333
2.0133332999999998
2.04
2.0333333
2.064
2.04
2.1533333
2.16
2.04
2.04
2.16
2.1
2.04
2.08
2.08
2.04
2.16
2.06
2.0933333
2.1
2.2
2.04
2.1133333
2.06
2.0266666
2.04
2.16
2.0914286
2.06
2.0533333
2.0666665999999996
2.1266666
2.1799999
2.1219047
2.0799999
2.0799999
2.0666665999999996
2.0266666
2.0333333
2.1295237
2.0666665999999996
2.1266665999999996
2.0133332999999998
2.0433333
2.04
2.1133333
2.0695236999999995
2.1266665999999996
2.1333333
2.2666667
2.16
2.1733333
2.16
2.1704761
2.18
2.1
2.1533333
2.18
2.2033332999999997
2.22
2.11
2.18
2.14
2.1399999
2.08
2.08
2.1
2.22
2.2133333
2.1233333
2.1133333
2.12
2.1333333
2.08
2.04
2.1285714000000002
2.06
2.06
2.1066666
2.0971429
2.0933333
2.14
2.0969277
2.08
2.0933333
2.06
2.08
2.06
2.1078571
2.13
2.1228571
2.1371428
2.0933333
2.16
2.1
2.15
2.06
2.11
2.1633332999999997
2.12
2.0866667000000003
2.2133333
2.1733333
2.1380953
2.1133333
2.2666667
2.08
2.1688096000000003
2.08
2.0833333
2.04
2.04
2.0466666
2.1057143
2.0
2.04
2.0533333
2.0833333
2.16
2.06
2.0733333
2.08
2.14
2.0133332999999998
2.03
2.14
2.02
2.0171428000000002
2.0533333
2.08
2.06
2.04
2.0
2.0533333
2.0971429
2.02
2.0466666
2.08
2.12
2.04
2.1066667
2.04
2.0838096000000004
2.12
2.08
2.18
2.04
2.04
2.09
2.1533333
2.07
2.0933333
2.1333333
2.0933333
2.1466665999999996
2.1066665999999996
2.0901075000000002
2.1104760999999996
2.08
2.1204761
2.1458065
2.1
2.04
2.0633333
2.11
2.0590476
2.08
2.0771428
2.06
2.08
2.0
2.0
2.04
2.13
2.04
2.08
2.0933333
2.04
2.12
2.08
2.0
2.0533333
2.0
2.04
2.0171428000000002
2.1066666
2.0352688
2.0486021
2.02
2.0333333
2.08
2.0133332999999998
2.0266666
2.0533333
2.0266666
2.0533333
2.0533333
2.1204300999999997
2.0799999
2.1028569999999998
2.0866666
2.0466666
2.0866665999999996
2.0666665999999996
2.0866665999999996
2.0666665999999996
2.1066665999999996
2.0933332
2.1066665999999996
2.0333333
2.1366666
2.0466666
2.0799999
2.1133331999999996
2.0533332
2.0666664999999993
2.1466665000000003
2.1966664999999996
2.1866665999999997
2.2057142
2.2199999
2.2399999000000004
2.1999999
2.1999999
2.1999999
2.0666666
2.1466666
2.0533333
2.0733333
2.1333333
2.0266666
2.0666666
2.0647619
2.0933333
2.08
2.0
2.04
2.0
2.0
2.02
2.0228571
2.02
2.06
2.02
2.1266666
2.1
2.14
2.1533333
2.08
2.0
2.04
2.0
2.08
2.06
2.0933333
2.0733333
2.04
2.06
2.0
2.0114286
2.0333333
2.04
2.08
2.04
2.0933333
2.0759999
2.0
2.1333333
2.04
2.04
2.1333333
2.1
2.0425807000000002
2.08
2.0
2.1333333
2.0626667
2.0433333
2.0133332999999998
2.0
2.08
2.06
2.02
2.0304761
2.04
2.0314286
2.0
2.1333333
2.0
2.1133333
2.02
2.0
2.04
2.0266667000000003
2.04
2.0266666
2.0166666
2.04
2.02
2.0
2.02
2.02
2.0
2.0628571
2.0333333
2.0057142999999997
2.0133332999999998
2.04
2.04
2.0571428
2.0
2.0666666
2.0133332999999998
2.0383332999999997
2.04
2.0
2.04
2.1028571
2.1528571
2.06
2.06
2.06
2.0433333
2.07
2.03
2.06
2.08
2.04
2.1133333
2.0304760999999996
2.1266666
2.0466666
2.1199999
2.1066665999999996
2.1399999
2.0980952
2.0666665999999996
2.0266666
2.0933333
2.02
2.08
2.08
2.0
2.0
2.06
2.0813334
2.08
2.0733333
2.0666666
2.0933333
2.0333333
2.1
2.0599998999999998
2.0333333
2.1133333
2.1399999000000003
2.0333333
2.0304762
2.0466666
2.0133332999999998
2.1133333
2.1247618999999998
2.0933333
2.0833333
2.16
2.1133333
2.1266666
2.11
2.1
2.09
2.12
2.15
2.1833332999999997
2.21
2.18
2.21
2.16
2.15
2.1366667
2.21
2.2014286000000003
2.1747619
2.1966666
2.18
2.1706667
2.0866667000000003
2.0733333
2.08375
2.12
2.12
2.21
2.1261904
2.15
2.1333333
2.105
2.12
2.2133333
2.25
2.25
2.2983333
2.2183333
2.2783333
2.2
2.255
2.215
2.3016666
2.2666666
2.2514285999999997
2.295
2.2816667
2.205
2.2554761
2.1983333
2.1599999
2.1733333
2.1133333
2.1733333
2.0833333
2.1366667
2.108125
2.1633332999999997
2.12
2.11
2.14
2.0933333
2.08
2.0514286
2.04
2.1
2.0853333000000003
2.1166666000000003
2.04
2.06
2.0314286
2.04
2.02
2.02
2.0
2.05
2.1133333
2.04
2.08
2.06
2.0
2.02
2.0
2.0853333000000003
2.1
2.04
2.2
2.04
2.1
2.08
2.04
2.0
2.05
2.0
2.05
2.0457142999999998
2.0666667000000003
2.07
2.0904762
2.0233333
2.02
2.0714286
2.06
2.0514286
2.02
2.0438094
2.0
2.08
2.0533333
2.0133332999999998
2.04
2.0133332999999998
2.04
2.0
2.0
2.04
2.14
2.0533333
2.04
2.06
2.0533333
2.04
2.06
2.08
2.08
2.1971428
2.06
2.1
2.08
2.1133333
2.065
2.09
2.15
2.1533333
2.125
2.13
2.16
2.12
2.1733333
2.2333333
2.1857143
2.1533333
2.1133333
2.08
2.0933333
2.08
2.1333333
2.0666665999999996
2.0866665999999996
2.0266666
2.0504761
2.1566666
2.0816665999999997
2.0466666
2.1074286
2.0333333
2.0466667000000003
2.0247619
2.02
2.0933333
2.0666666
2.02
2.0833333
2.045
2.1233333
2.0733333
2.0533333
2.0447619
2.0380952000000003
2.1188094
2.0699999
2.0580951999999995
2.0599998999999998
2.0752379999999997
2.1599999
2.1535713999999997
2.1147618
2.1026665999999996
2.1533331999999996
2.0533331999999995
2.1999999
2.0599998999999998
2.0666665
2.1066665999999996
2.0599998999999998
2.1180952
2.0766666
2.055238
2.0966666
2.095
2.0466666
2.04
2.0533333
2.0533333
2.1180951999999995
2.0853333
2.0399998999999998
2.1365591
2.0466666
2.0666665999999996
2.0466666
2.1533333
2.0733333
2.0666665999999996
2.1166666000000003
2.125
2.0983332999999997
2.1183332999999998
2.1466666
2.1666666
2.1466665999999996
2.1693333
2.165
2.105
2.1266665999999996
2.1133333
2.0933332
2.0999999000000003
2.1366666
2.0666665999999996
2.0916666
2.0319999
2.0434645000000002
2.0733331999999995
2.1106665
2.0399998999999998
2.0783332
2.0599998999999998
2.0916666
2.0490475
2.0733333
2.0973808999999997
2.0547618
2.0733332
2.1183332999999998
2.0707142
2.0933331999999996
2.1283333
2.0399998999999998
2.0633333
2.0133332999999998
2.0133332999999998
2.045
2.0733333
2.0335408
2.0533333
2.0133332999999998
2.0733333
2.0303333
2.0361903999999997
2.0133332999999998
2.045
2.0533333
2.0333333
2.0333333
2.0166665999999998
2.0783332999999997
2.0307143
2.0266666
2.0666665999999996
2.0474999
2.0266666
2.0666666
2.0266666
2.0783332999999997
2.0299998999999995
2.0866666
2.0440476000000003
2.0466666
2.0580952
2.0507143
2.0573333
2.0133332999999998
2.0716666
2.0599998999999998
2.1266665999999996
2.0666665999999996
2.0266666
2.0666665999999996
2.0990476
2.1066665999999996
2.0266666
2.0666665999999996
2.0266666
2.0943332999999997
2.0866665
2.0533331999999995
2.087857
2.0399998999999998
2.0293333
2.0466666
2.0599998999999998
2.0601189
2.0733333
2.0633332
2.1549614999999998
2.0723807999999995
2.1177140999999997
2.1247618
2.0995236999999998
2.1123807
2.1857140999999998
2.1157141
2.1030950999999996
2.2087617999999996
2.0704760999999996
2.1131904
2.1449999999999996
2.1338095
2.208333299999999
2.1724443
2.1621426999999995
2.1299998999999996
2.1633332999999997
2.1740475999999997
2.1309522999999997
2.2050000999999995
2.1342855999999997
2.1545238999999996
2.1349999999999993
2.1467617999999997
2.1711905
2.1528571999999992
2.2011905999999994
2.1238095999999995
2.0980952999999998
2.138631
2.0952381999999994
2.1161906000000004
2.0815238999999996
2.0930953
2.0945239
2.077381
2.1140477
2.1321429999999997
2.1238097000000007
2.0964287
2.0771429999999995
2.1487619999999996
2.0828572999999997
2.0757144
2.0914287
2.0928573
2.1057144
2.1258573
2.1142859
2.0861906
2.1154762999999996
2.0819049
2.0866667000000003
2.1180953
2.127143
2.1485715999999995
2.0985716
2.1042859000000003
2.1892859
2.0947620999999996
2.1471431
2.1457144999999995
2.1800002
2.1114287999999997
2.163571599999999
2.1114287999999997
2.1361905999999995
2.1504763999999996
2.1285716999999997
2.1938097999999995
2.1357144999999993
2.1307144999999994
2.1969049999999997
2.1719049999999993
2.1764884
2.1476192999999997
2.1857146
2.1933336
2.1470477999999997
2.1847621
2.1528573999999994
2.1171430999999994
2.1085717
2.1171431000000003
2.1276192
2.1444049000000005
2.1085716
2.1047621999999997
2.1180953
2.1019049
2.121143
2.1087621999999997
2.0964287999999995
2.1257145
2.0940955000000003
2.1161907
2.1193653
2.2000002999999997
2.1761907
2.1085716999999997
2.1485716999999998
2.1411523999999997
2.1024764
2.0942858999999996
2.0899525999999997
2.069524
2.0742859
2.1057145
2.1714287
2.1442858
2.0914287
2.1028572999999997
2.0777680000000003
2.0720536999999997
2.1314286999999994
2.1114287
2.0914287
2.0857144
2.0800001
2.1139583999999996
2.1257143999999997
2.0857144
2.1006251
2.1164286999999997
2.0824762999999997
2.1220953999999996
2.0614287
2.0814287
2.0728573
2.0847619999999996
2.0828572999999997
2.1019048999999996
2.1341668
2.1508571
2.0895238999999997
2.0828572
2.0485715
2.1213363999999997
2.0685715
2.0695238999999996
2.0790477
2.1085714999999996
2.0714287
2.0542857999999997
2.0651430000000004
2.067143
2.0738095999999997
2.1080001
2.0828573
2.1014287
2.057143
2.0765716
2.0910477
2.0624762999999997
2.0678096
2.097143
2.0982858
2.0845715
2.0950476
2.1017142999999994
2.0935238999999997
2.0722539999999996
2.0792382000000003
2.0849524
2.0960477
2.0711522999999996
2.0704763
2.0667938
2.0915899
2.0857143999999996
2.0614287
2.0942858999999996
2.0971429
2.0638096999999997
2.0514287
2.0773811
2.0800000999999995
2.0866668
2.0776191
2.1000001
2.1071429
2.0742857999999997
2.0849525
2.1289524
2.1609525
2.1600000999999995
2.1142857999999998
2.0961905
2.0752382
2.0876192000000002
2.0876192000000002
2.1304761999999995
2.0876192000000002
2.1219048999999996
2.0861906
2.1019048999999996
2.0552382
2.0830954
2.093146
2.0723811
2.1033334
2.1021429
2.1033335
2.0933334
2.1009525
2.0647621
2.0676192
2.0866668
2.1020953999999996
2.0914287
2.0657145
2.0938096999999996
2.1328572
2.0900953999999996
2.0680954
2.1041323
2.1344549
2.1291706
2.1582643999999997
2.1136163
2.1048389
2.0629893999999998
2.0769892999999997
2.1208940999999997
2.0965130999999997
2.1158066
2.1142857999999993
2.0803227
2.2214286999999997
2.1103227
2.134127
2.096037
2.1390079999999996
2.1069894
2.1603396
2.1222221999999995
2.1582936999999998
2.1374625999999997
2.1042857999999995
2.1071429
2.137143
2.2128572
2.1547619
2.1914287
2.1814287
2.1934098999999994
2.2064455999999995
2.1535884999999997
2.1242858
2.1414626
2.1135885
2.1390477
2.1013334
2.0957144
2.0885715
2.0885714
2.0985715000000003
2.0742857999999997
2.1123811
2.1113826
2.1319048
2.1509525
2.1527619999999996
2.1842858
2.1864287
2.1521429999999993
2.1714286
2.1864286999999996
2.154762
2.1651786
2.1641907000000002
2.1898811
2.159524
2.1242858
2.1483334
2.1295238999999997
2.1432382000000003
2.12
2.1472064
2.1614286
2.1331479
2.1637144
2.1020239
2.167762
2.1661904999999995
2.2104763
2.1763334999999997
2.1754217999999996
2.1328572
2.1826634999999994
2.1509525000000003
2.2127858000000002
2.1481429
2.2259524999999996
2.1761904
2.1964285
2.2523503
2.2162499999999996
2.270630899999999
2.2451586999999997
2.2962857
2.2664482999999995
2.3460118999999997
2.2286903999999996
2.2888095999999996
2.2754760999999997
2.2433026000000003
2.2764762
2.3102378999999997
2.2634760999999997
2.262738099999999
2.2019839999999995
2.2035715
2.2203810999999996
2.2340168999999994
2.1966072
2.2062502
2.2107739
2.2060596
2.2505238999999997
2.2307143
2.2285595999999996
2.2696428999999996
2.2483179999999994
2.2369524999999997
2.2193335000000003
2.2069047999999998
2.2188418999999997
2.1886192
2.2158849
2.1290952999999995
2.1528095
2.125
2.1719523999999995
2.1342858
2.1329048
2.1569643
2.1491905
2.1702084
2.149524
2.1291668
2.1785715999999997
2.1411906
2.1783811999999996
2.2009526
2.1665001
2.1753334
2.2126192
2.2185716
2.2226786
2.1572025
2.1946431
2.227841999999999
2.2222025
2.2295087000000002
2.2195537999999995
2.273708799999999
2.2196312999999996
2.2210121999999997
2.2239170000000006
2.2745241
2.229405
2.2044611999999995
2.2229764999999997
2.2404764999999993
2.2305361
2.2503972
2.2542861
2.2196066999999995
2.2153297
2.2065478999999995
2.2008574000000003
2.2231549999999998
2.2243771999999997
2.2164005999999996
2.1850003
2.1676193999999995
2.2177383999999996
2.2148811999999993
2.2054763999999993
2.1979168
2.1917859999999996
2.254464499999999
2.1784049999999997
2.2111908999999996
2.2298218
2.1964823999999994
2.2343524999999995
2.2028574000000005
2.2317264000000003
2.1760715999999998
2.1748811
2.2000596999999997
2.1565954
2.1750595999999995
2.1301191999999993
2.1353573
2.1207145
2.2327383000000003
2.1434525
2.1510717
2.1413693000000005
2.2200596999999997
2.1648693
2.1539287000000003
2.1995596
2.1612739
2.1345240000000003
2.1926191999999993
2.1510716
2.1667561
2.1272621000000003
2.1180241
2.1304049999999997
2.1587501999999996
2.1883336000000004
2.1201193000000003
2.1946073
2.1476193
2.1447323
2.1761907
2.1541817
2.1228572999999997
2.1414287000000005
2.1132620999999996
2.1449049000000002
2.1477382
2.151399
2.1614288
2.1566669
2.2273812
2.1914287999999997
2.1599049
2.1697323
2.197143
2.2182144000000004
2.2376191999999997
2.296190599999999
2.2202230000000003
2.2242858
2.2114286999999995
2.2285715999999995
2.3500000999999995
2.3448097000000003
2.3133334999999997
2.3061907000000006
2.2957145000000003
2.2942858999999998
2.3900001999999994
2.3233334999999995
2.3273887000000006
2.3254764000000003
2.3122860000000003
2.3200003000000002
2.3100002
2.2971429
2.3019048
2.2957144
2.3380953
2.3780955
2.3047621
2.3623811999999993
2.3828574
2.3618414999999997
2.3223810999999994
2.3904764999999997
2.3251193
2.3407145999999996
2.3171431
2.3164287
2.2795478000000005
2.2643038
2.344571799999999
2.2933335
2.2740717
2.2504764999999995
2.2848709999999994
2.2857145999999995
2.2584763999999993
2.2771205
2.2571430999999995
2.240018099999999
2.2242859999999998
2.2602860000000002
2.2257741000000006
2.2660003
2.2014288
2.2071430999999997
2.2372144999999994
2.1676193
2.1608633999999998
2.1561907
2.2061907
2.156928
2.1390477999999997
2.1726191999999998
2.2241269999999993
2.2214662999999994
2.2419047999999995
2.2233673
2.2108428
2.1947618999999996
2.1609523999999998
2.2061309999999996
2.2171429
2.2023810999999998
2.1885714999999997
2.1627978000000003
2.203036
2.1780956000000002
2.2149288999999994
2.1782858999999997
2.1708574
2.1564794
2.1439289
2.1361908
2.1328573999999993
2.1033336
2.148609
2.1471432000000004
2.1455956
2.1615242000000006
2.166166900000001
2.1677263
2.1706312
2.1667622
2.1934614
2.226095500000001
2.2267028
2.1915240000000002
2.1462709
2.1612525
2.1091431000000003
2.1720122000000006
2.0970955
2.1137317000000007
2.1191549
2.1036788000000004
2.0864764000000005
2.1520955
2.099524
2.1131432000000006
2.1240954000000003
2.1203811000000004
2.1111123000000003
2.0763812000000006
2.0827144000000004
2.0782860000000003
2.0749018000000006
2.0776668000000003
2.0683334
2.1001906000000004
2.1290794
2.0726668000000004
2.051
2.0675557000000007
2.0478095
2.0706667000000003
2.0373334
2.0756667000000006
2.0573334
2.0813333
2.0673333
2.1176667
2.0826667000000003
2.1240001
2.1433334
2.1260001
2.1403026
2.1419286000000004
2.1438333
2.138238200000001
2.1098094
2.1218095
2.1447619
2.1779046
2.1224759
2.1260472999999998
2.1634283
2.1584452
2.1177142000000004
2.0846665
2.1093332
2.0975237
2.1150689
2.215772
2.1742855000000003
2.1926665
2.1605834
2.1582855
2.1370272000000003
2.1244402
2.1224498
2.1207736
2.1309643
2.1465772000000003
2.1341486000000005
2.1418131000000007
2.1601724
2.1566664
2.1934640000000005
2.1625300999999997
2.1753020999999997
2.1554729000000004
2.1529106000000002
2.167452
2.1308241000000003
2.1423986000000004
2.1182974999999997
2.1267904
2.1414174
2.1663220000000005
2.114982
2.1347529
2.1404023999999997
2.1233033999999997
2.1373897000000004
2.1558352
2.1834200999999998
2.1613543000000006
2.1326993
2.1135742000000004
2.1517975000000003
2.1202648000000006
2.1178153
2.1148689000000003
2.1220196000000002
2.1486761000000003
2.1397796000000007
2.1281132
2.1229331
2.1237081999999994
2.1197648000000004
2.1495742
2.1218213
2.1242589
2.129467
2.1321130000000004
2.1277587999999996
2.1536785000000003
2.1313333000000005
2.1617589
2.145232
2.1301964
2.0936578000000003
2.089372
2.1305806
2.0980475
2.0899166000000005
2.0807559
2.0779226000000004
2.1128541000000003
2.1030475
2.1114702
2.1153392
2.1758838
2.123119
2.1587677999999997
2.1372676999999998
2.1457140999999997
2.0999701000000006
2.0786785
2.1125655
2.0837142
2.0820059
2.0817142
2.0910476
2.0982857
2.0796577
2.0595238
2.0481905000000005
2.1481905
2.1053333
2.0453333
2.0653333000000003
2.0653333000000003
2.0853333000000003
2.1466665999999996
2.0853333000000003
2.0753333
2.1053333
2.0353333
2.1020000000000003
2.0186666
2.0753332999999996
2.0310476
2.0469999999999997
2.0953332999999996
2.0798095
2.0559998999999998
2.0759999
2.0372902
2.0964945000000004
2.0317142
2.1346249
2.0263809
2.0706666
2.0906666
2.0133333
2.0243118
2.0306666
2.0406666
2.0456666
2.0239999
2.0106666
2.0306666
2.0506666
2.1063332
2.0283118
2.0613332000000004
2.0620260999999998
2.0513332
2.0776665
2.1340950999999997
2.0948569
2.0826664
2.1058354
2.1199367000000002
2.0693855000000005
2.0729889
2.1479675
2.0866971999999997
2.1437403
2.1563116000000004
2.0769843
2.1296247999999998
2.0634284
2.1034284000000003
2.1091427
2.1299997999999998
2.0899998
2.1003117000000002
2.1206759
2.1273332000000003
2.1148094
2.1207255000000003
2.1092686000000005
2.0792686000000002
2.1631611000000004
2.0993626
2.1157697
2.0773332
2.1128216
2.0657142
2.0496451
2.0493332000000004
2.0621428
2.0449999
2.0770475
2.0359998999999998
2.0532903
2.0853333000000003
2.0403333
2.0553332999999996
2.0539047999999998
2.0753332999999996
2.0353333
2.0206452
2.0253333000000002
2.0413809
2.0563808999999997
2.0206665999999998
2.0306666
2.0173332000000004
2.0253333000000002
2.0693333000000003
2.0353333
2.062
2.0410476
2.0415237000000004
2.0857143
2.0
2.02
2.0557143
2.0053333
2.0257142999999997
2.045
2.02
2.0066667000000002
2.0196236
2.01
2.04
2.0
2.0586667
2.01
2.03
2.02
2.0385714000000004
2.0428571
2.0828571
2.0342857
2.0457142
2.0707142
2.0757141999999997
2.0857142
2.0928571
2.0478571
2.0528570999999998
2.1028571
2.0328570999999998
2.0428571
2.0957141999999997
2.0707142
2.0935713
2.0299046
2.0585712999999997
2.0428569999999997
2.0619047
2.0347617
2.0704761
2.0571425999999997
2.0371425999999997
2.0376189
2.0238093999999998
2.0219404
2.0304759999999997
2.0828568
2.0279361999999996
2.0853330999999997
2.0367614999999994
2.0743806999999994
2.0313688
2.0685709999999995
2.0337273999999996
2.0253330999999997
2.0533330999999997
2.040476
2.0537796
2.0398093
2.0185714999999997
2.0785712999999997
2.0447618999999997
2.0600951999999997
2.0467618
2.1066665999999996
2.0723809999999996
2.0343809999999998
2.0347618
2.0862380999999997
2.0354284
2.0676189999999997
2.1118094
2.1341428
2.0699047000000004
2.0847616999999996
2.0511901999999997
2.0520950999999994
2.0828333999999997
2.0517853999999995
2.0439343
2.0570473999999996
2.0616664999999994
2.0480115999999997
2.0748569
2.0725235
2.0867918
2.0670471999999993
2.0640471999999996
2.055999699999999
2.0819678999999995
2.0565952999999997
2.0636189
2.0828567999999996
2.0268568
2.0298226999999995
2.0211425999999992
2.0114284
2.0826483
2.0114284
2.0554284000000003
2.0582854999999993
2.0969336999999997
2.0422854999999998
2.0639047
2.0650476
2.1094521999999993
2.0937315
2.0905291
2.0636189
2.1237498
2.0948567
2.130856799999999
2.0855897999999997
2.1316189
2.0763806
2.1387617999999997
2.1616003999999998
2.1948567999999993
2.1676189
2.1564759999999996
2.2538093
2.2423805999999997
2.2425592999999995
2.2637140999999996
2.2378095
2.202476
2.1702854999999994
2.2081904
2.1306664
2.12
2.1154283999999994
2.1549521999999994
2.0918571
2.130238
2.0992163999999995
2.1060475
2.1114284
2.1082142
2.1074405
2.1228571
2.04
2.05125
2.02875
2.06
2.0
2.0504762
2.01
2.03
2.01
2.05
2.05
2.03
2.06
2.0957143
2.07
2.03
2.14
2.03
2.0795237
2.0606667
2.06
2.04
2.1058065
2.156
2.1430953
2.1242858
2.1358064999999997
2.1166667
2.1345161999999998
2.1972351
2.1458065
2.1220447
2.1533065000000002
2.1339018000000003
2.1381875
2.1158064999999997
2.1266667
2.1489285000000002
2.1493333999999997
2.12
2.1060715
2.0766667
2.07
2.14
2.0816667
2.14
2.08
2.0941667
2.09
2.09
2.1166667
2.0566667
2.1333333
2.11
2.06
2.0266667000000003
2.08
2.04
2.115
2.065
2.0942858
2.11
2.0911753
2.1065715
2.092643
2.1675
2.0635715
2.07
2.0921429000000002
2.08
2.0710715000000004
2.0650298
2.07
2.0412903
2.0785715000000002
2.045
2.0485715
2.0319049000000002
2.067143
2.0226786
2.0435715
2.0414285999999997
2.1014285999999998
2.055
2.0685715
2.0488493
2.04125
2.0529048
2.0530185000000003
2.0538096
2.0675
2.035
2.0206667
2.0566667
2.03
2.07
2.03
2.035
2.0466667000000003
2.04
2.0666667000000003
2.0666667000000003
2.0542857
2.1082142999999998
2.04
2.0761903999999998
2.0303226
2.0666667000000003
2.01
2.0
2.0275
2.0866666
2.0
2.0336904
2.0566667
2.0833333
2.0933334
2.0613096
2.0266667000000003
2.0640951999999997
2.04
2.0626666
2.12
2.1326821000000002
2.2514676999999996
2.3074285
2.3137143000000004
2.3475238000000003
2.3683809000000005
2.3973485
2.3850476
2.334381
2.2553488
2.3263807
2.3913334
2.3120000000000003
2.2577143000000004
2.2836821
2.3150477
2.3457145
2.3653809
2.4482577
2.4205710000000007
2.3950475
2.3882894
2.3042058
2.3176192000000007
2.2917144
2.3232380000000004
2.3440238000000004
2.3337176
2.3650785
2.4551428
2.354762
2.2721429
2.2872062
2.2503962
2.3248571
2.2877144
2.3486825
2.3386822000000005
2.3806665000000002
2.5185866000000003
2.3967774
2.5305730000000004
2.4924128000000003
2.4908891000000004
2.4353369999999996
2.4276189
2.4657143000000006
2.5197364000000007
2.3949524000000006
2.3158095
2.4023807
2.2854283000000004
2.2661786999999998
2.3039047999999998
2.3727499
2.3075239000000005
2.3442217
2.3344286
2.2477979
2.307143
2.2088573
2.2183811
2.2447621000000004
2.2004764000000003
2.3163334
2.2765953000000003
2.2290476999999997
2.1292858999999997
2.1769524000000002
2.1400002000000002
2.1426667
2.1309525000000002
2.1202381999999993
2.0707144000000004
2.0814287
2.1532144000000004
2.0742858
2.0514286999999998
2.0457143999999996
2.1347618999999995
2.0976190999999997
2.1166666999999997
2.1322858
2.0957144
2.1628571
2.1628406
2.1315239
2.1204762
2.1961905
2.1471429
2.1561905
2.1371428
2.0757143
2.1038095
2.09
2.1572381000000003
2.1235714
2.0952381
2.1386667
2.1107143
2.1030477
2.0942857
2.112381
2.1385237999999998
2.1074653
2.212381
2.1766221
2.3351949999999997
2.2565714
2.2219046999999996
2.1804761999999998
2.1721428
2.1904760999999997
2.1371428
2.1499999
2.1121428
2.0857143
2.1425
2.0785714
2.1052381
2.0912903
2.1
2.1475
2.09
2.1
2.085
2.125
2.135
2.07
2.0742580999999998
2.0978572
2.1085715
2.0729286
2.0522581000000004
2.1005953
2.0739286
2.0575
2.055
2.1175
2.1070832999999998
2.0975
2.0406667
2.03625
2.04125
2.055
2.0883333
2.035
2.033
2.0225
2.015
2.055
2.0320833
2.0375
2.02625
2.0425
2.06875
2.0575
2.06375
2.0653126
2.0603621
2.04
2.0575
2.055
2.0666667000000003
2.03
2.05625
2.0646032
2.0425
2.0566667
2.0216667
2.015
2.01875
2.015
2.0283333
2.0456667
2.015
2.035
2.015
2.015
2.045
2.035
2.0153333
2.01
2.015
2.01
2.0175
2.015
2.02
2.015
2.0
2.0106667
2.0533334
2.04
2.04
2.04
2.0533334
2.0566667
2.0533334
2.0966667
2.0733334
2.0533334
2.0583334000000004
2.0816667
2.0720001000000003
2.0266667000000003
2.0833334
2.0266667000000003
2.0366667
2.0266667000000003
2.0466667000000003
2.0966667
2.0650001000000002
2.0600001
2.0666667000000003
2.035
2.04
2.0266667000000003
2.0266667000000003
2.0455
2.0266667000000003
2.0266667000000003
2.0
2.0
2.0133332999999998
2.02
2.0
2.0
2.0
2.0
2.02
2.04
2.0
2.01
2.0066667000000002
2.0
2.03
2.02
2.0
2.0
2.0
2.0
2.0114286
2.02
2.0
2.0266667000000003
2.0
2.0
2.0
2.0158332999999997
2.0
2.0
2.0
2.0233333
2.0369893
2.0
2.0
2.0266667000000003
2.0
2.05
2.005
2.0142857000000003
2.0
2.0114286
2.0
2.01
2.0
2.0
2.0
2.0133332999999998
2.04
2.0
2.0133332999999998
2.0
2.0
2.02
2.0
2.0
2.0
2.0
2.0
2.02
2.0
2.0
2.0
2.0
2.015
2.0
2.0
2.0114286
2.0006667
2.0
2.015
2.0
2.0
2.0
2.0
2.015
2.0157143
2.01
2.01
2.0366667
2.01
2.0
2.0183333
2.0
2.0
2.0
2.02
2.0
2.0
2.0
2.0
2.025
2.0
2.005
2.0066667000000002
2.02
2.0
2.0
2.01
2.0
2.02
2.0
2.04
2.0228571
2.03125
2.0
2.0
2.0
2.0
2.0314286
2.0133332999999998
2.0
2.0
2.0114286
2.01
2.0273135
2.0
2.02
2.01
2.01375
2.02
2.035
2.0466667000000003
2.0125
2.0
2.0
2.0114286
2.0266667000000003
2.0028571
2.0
2.0057142999999997
2.005
2.0028571
2.0
2.0
2.02
2.0
2.0614285999999997
2.0425
2.0566667
2.02
2.0
2.0133332999999998
2.005
2.005
2.02
2.0
2.02
2.02
2.0
2.01
2.0133332999999998
2.005
2.0
2.0133332999999998
2.0
2.0
2.0057142999999997
2.0058853
2.0
2.0
2.0
2.0114286
2.0
2.0057142999999997
2.03
2.0
2.0
2.0114286
2.0
2.0
2.0
2.0
2.0266667000000003
2.0
2.0082143
2.0133332999999998
2.0
2.0
2.0
2.0
2.0269047000000002
2.01
2.01
2.0
2.015
2.0
2.0366667
2.0566667
2.0266667000000003
2.0
2.0466667000000003
2.0
2.0
2.0
2.003125
2.0
2.01
2.0
2.0
2.01
2.0666667000000003
2.0
2.02
2.0428124
2.0
2.0
2.04
2.0
2.0
2.0114286
2.0
2.0
2.0214285999999997
2.0
2.0
2.0266667000000003
2.0266667000000003
2.0
2.0
2.0
2.0
2.0626667
2.0133332999999998
2.0
2.0
2.00125
2.0
2.015
2.0
2.008125
2.04
2.0026667000000002
2.01
2.0025
2.0
2.0
2.0
2.005
2.0
2.0
2.0
2.01
2.0
2.0
2.03
2.0078126
2.0
2.01
2.0
2.005
2.0
2.04
2.0133332999999998
2.0
2.0132813
2.0291732000000002
2.0247619
2.0171429
2.0075
2.0
2.01
2.005
2.0
2.0
2.0
2.0328570999999998
2.01
2.0247619
2.0482142999999997
2.0228571
2.0766667
2.0138709
2.0133332999999998
2.0133332999999998
2.0138583
2.02
2.0309226000000002
2.0
2.0057142999999997
2.0257142999999997
2.03
2.02
2.0371429
2.0328570999999998
2.0514286
2.03
2.07
2.04
2.0128570999999997
2.0
2.0
2.0133332999999998
2.0
2.0
2.0133334
2.04
2.0082143
2.0
2.035
2.0387499
2.0128570999999997
2.0333332
2.0538096
2.0239285999999996
2.0239286
2.0239285999999996
2.0678572
2.0114286
2.0560714
2.0114286
2.0
2.0
2.0
2.0
2.0079167
2.0
2.0
2.0030158
2.0082143
2.00875
2.008254
2.0182143
2.0169642999999997
2.0128124
2.01
2.0194643
2.0269643
2.01
2.0
2.0
2.0
2.0075
2.05
2.0
2.0
2.0
2.0121876
2.0028571
2.0407143
2.0
2.0133332999999998
2.0
2.0
2.0
2.0
2.0125
2.0032233
2.0
2.0282143
2.0
2.0
2.0
2.03
2.0161903999999997
2.00125
2.0114286
2.0
2.0366667
2.0082143
2.03
2.03
2.005
2.005
2.0328570999999998
2.025
2.0316667
2.03
2.0547619
2.0228571
2.02
2.05
2.1066667
2.1025
2.1125
2.10125
2.1
2.14
2.24
2.1633332999999997
2.13
2.1633332999999997
2.0975
2.1275
2.16
2.1533333
2.1575
2.14
2.1733333
2.1433333
2.1475
2.13
2.0875
2.08
2.085
2.14
2.13625
2.1275
2.1170833
2.075
2.0895832999999997
2.07125
2.0625
2.1
2.0775
2.1025
2.105
2.1375
2.1708334
2.1175
2.0975
2.1241667
2.0875
2.0601667
2.0475
2.085
2.06
2.0675
2.0775
2.075
2.045
2.0525
2.025
2.03
2.065
2.065
2.0475
2.08
2.0625
2.0275
2.03125
2.0275
2.0375
2.036875
2.0275
2.025
2.0382143
2.015
2.03
2.03
2.03
2.07
2.06625
2.05
2.04
2.06
2.02
2.0
2.06
2.0125
2.0
2.0766667
2.0266667000000003
2.0166667
2.03
2.0
2.0
2.0
2.01
2.0
2.04
2.0
2.03
2.0
2.0
2.0516667
2.0
2.0
2.0114286
2.0
2.01
2.02
2.01
2.0075
2.0
2.0
2.0
2.03
2.02
2.0
2.01
2.0
2.0416667
2.0
2.0
2.0
2.0364286
2.0
2.0
2.0033333
2.08
2.04
2.09
2.0625
2.0633333
2.065
2.1
2.0708333
2.07
2.0
2.0266667000000003
2.005
2.015
2.03
2.0266667000000003
2.0066667000000002
2.0583332999999997
2.01
2.0
2.0
2.0
2.0
2.01
2.015
2.0
2.0
2.03
2.0
2.02
2.02
2.0
2.0
2.0
2.0
2.0
2.005
2.0
2.0075
2.04
2.0
2.0
2.03
2.06
2.005
2.02
2.0
2.0
2.045
2.0
2.015
2.0
2.02
2.0
2.01
2.0
2.0
2.03875
2.0
2.0075
2.0
2.02
2.0
2.0
2.0
2.0
2.0
2.01
2.0
2.0135937
2.0025
2.04
2.0208333
2.01
2.03
2.0316666
2.0
2.03
2.0
2.06
2.0
2.01
2.0
2.0
2.01
2.03
2.03
2.0733333
2.09875
2.095
2.05
2.09
2.09
2.095
2.09
2.1275
2.16
2.1675
2.1632143
2.1325
2.2075
2.21
2.1875
2.22
2.2166667
2.205
2.2
2.185
2.19
2.18
2.1533333
2.1575
2.15
2.16
2.1475
2.11
2.14875
2.14
2.17
2.1375
2.1275
2.145
2.13
2.21
2.1625
2.245
2.255
2.195
2.2775
2.23
2.205
2.1775
2.1925
2.155
2.19
2.265
2.225
2.2989286
2.2825
2.255
2.205
2.18
2.1875
2.2
2.2225
2.19
2.17
2.2511768
2.2308334000000003
2.2233332999999997
2.2504167
2.2354167
2.2251667
2.27875
2.2064285999999997
2.2104167
2.2312698
2.1854167
2.2465235000000003
2.245
2.29
2.3320834
2.35
2.3875
2.285
2.275
2.375
2.4504167
2.435
2.4704167
2.48
2.525
2.51
2.62
2.6654167
2.6975
2.61
2.6957142999999997
2.6933333
2.6554167
2.7
2.805
2.695
2.7833333
2.65875
2.57
2.6966666
2.7566666
2.6566666
2.8433333
2.7666665999999998
2.7940237000000003
2.7008332999999998
2.7141666
2.6666665999999997
2.6383332999999998
2.6890625999999997
2.5933333
2.6133333
2.6133333
2.6433333
2.575
2.58
2.52
2.5125
2.54
2.6058333
2.585
2.54
2.56
2.4775
2.5476667
2.58
2.5778571
2.525
2.44
2.44
2.45
2.47
2.435
2.425
2.42
2.415
2.495
2.54
2.54
2.58
2.58
2.6
2.6542857000000004
2.63
2.6925
2.7275
2.645
2.6
2.6550223
2.79
2.81
2.85
2.8726667
2.7426666999999996
2.7528333
2.8928333000000004
2.7588889
2.8433333
2.85
2.895
2.86
2.825
2.8366667000000003
2.87
2.98
2.99
2.97375
3.04125
3.0833036
3.0258333
3.0085484000000005
3.1033464000000004
3.1691667
3.2433332999999998
3.2616666
3.2660484000000003
3.2166667
3.16
3.14
3.075
3.08
3.0775
3.045
3.0675
3.06
2.9442857000000004
2.93
2.96
2.99
2.99
2.87
2.9166667
2.85
2.94
2.96
2.9033333
3.0
3.06
3.02
2.97
2.86
2.93
2.95
2.93
2.9147619
2.85
2.85
2.72
2.74625
2.7275
2.8
2.78
2.8301786
2.7341667000000003
2.7432142999999996
2.8154167
2.73
2.79
2.77
2.82
2.75
2.765
2.8657142999999996
2.7728571
2.7392858
2.7128571
2.8357143
2.7657141999999997
2.7885713999999995
2.7264284999999995
2.8057141999999997
2.7382142
2.6268571000000005
2.6707142
2.6560713999999996
2.5885713
2.7385713
2.7485713
2.7414284999999996
2.8814284999999997
2.8042857
2.8014284999999997
2.8014284999999997
2.9371428
2.8605357000000002
2.9814286000000005
2.8339285999999997
2.89
2.7975
2.75
2.8
2.7016667
2.88375
2.84
2.8575
2.825
2.775
2.7625
2.82
2.9410714000000002
2.945
2.9375
2.9375
2.9925
3.07625
2.9675
2.86
2.935
2.97
2.945
2.86
2.8
2.9685714
2.9882142999999997
3.1275
2.9675
3.089375
3.1564286
3.2425
3.335
3.3
3.36
3.3336666000000004
3.24
3.305
3.28
3.27
3.2575
3.255
3.2275
3.33
3.158125
3.305
3.24
3.345
3.4525
3.4175
3.52
3.4328125999999997
3.48
3.525
3.54
3.605
3.56
3.615
3.565
3.63
3.715
3.665
3.64
3.7
3.68
3.72
3.68
3.74
3.665
3.67
3.695
3.735
3.61
3.72
3.6342857000000004
3.665
3.655
3.6721429
3.7
3.625
3.605
3.61
3.56
3.645
3.675
3.64
3.665
3.6766667
3.6563009999999996
3.6
3.5675
3.6
3.5483333
3.61
3.5791665999999998
3.55
3.61
3.6
3.6025
3.61
3.5175
3.5875
3.485
3.5160714
3.49
3.53
3.5525
3.4889286
3.5217619
3.4825
3.4589286000000006
3.6216071999999997
3.4846785999999996
3.5414285999999997
3.4828571999999998
3.5428572
3.6028572000000003
3.6226786000000004
3.6034286000000004
3.6200953
3.595
3.6528572
3.57
3.7028571999999995
3.6766667
3.7720000000000002
3.7314286000000005
3.7814286000000004
3.7714286000000006
3.73
3.6814286
3.6353572
3.7161904
3.8214286
3.7714285999999997
3.8614286
3.71
3.7814286
3.7008332999999998
3.61
3.6775
3.6275
3.58
3.59
3.6
3.5975
3.5881667
3.5
3.57125
3.56
3.61625
3.56
3.5014285999999997
3.61
3.541875
3.57
3.58
3.53
3.4626666999999998
3.53
3.5
3.52
3.45
3.4442857000000004
3.52
3.51
3.47
3.53
3.4663333
3.515
3.47
3.475
3.375
3.365
3.29
3.315
3.3375
3.305
3.35
3.265
3.22
3.3156452
3.2656452000000002
3.3506452
3.3486559
3.4169355
3.2759678
3.2822580999999995
3.1712904
3.149181
3.2609678000000004
3.1184678000000003
3.2012904000000004
3.1903226
3.1812904000000004
3.1884476
3.1564467
3.2266129
3.1734678
3.1962903
3.2155069
3.1062901999999997
3.1416129
3.0559678000000003
3.1309678
3.0719354999999995
2.9262903
2.7866129
2.9570047
2.9626844
2.9095392
3.0580068999999996
2.9786809
2.996826
3.0712210000000004
2.87
2.856751
2.9517511
2.9624325
2.9177467000000004
2.9204120999999996
2.8632142
2.8845981999999997
3.0506162999999993
2.9052533
3.0706728999999995
3.0309521999999998
3.0650279
3.1716821
3.2460022999999993
3.2999999000000004
3.3756797
3.3657143
3.3628571
3.3837433000000003
3.3703571000000005
3.386359400000001
3.3228571
3.2835021999999996
3.3871426999999996
3.3349999
3.2622272999999997
3.1745390999999996
3.1721426999999993
3.2013593000000005
3.1664584000000002
3.2049998
3.2692442999999995
3.3237118000000003
3.288333400000001
3.3442444
3.2464284000000005
3.2562499
3.3019906000000003
3.2921425999999996
3.2659225
3.238571
3.2896055
3.2770172000000004
3.2098808999999995
3.2538096000000003
3.2724682
3.1447619
3.1997896999999993
3.1911903
3.1696425
3.1059802000000003
3.1715121999999996
3.1126189999999996
3.0590473999999994
3.0012461999999998
3.0807142000000005
3.0299997999999992
3.0960710999999996
3.129762
3.0271429
3.1050837000000002
3.1704761999999995
3.0064285
3.0144551
3.1072488
2.9742855
3.0324365
2.9970239
3.1114562
3.0364283999999997
3.009254
3.0945516000000004
3.1222879
3.1104743999999998
3.0593136
2.9798807999999997
3.0057422
3.055387
3.0415992999999997
2.9487797999999996
3.0004764
2.9552083000000007
2.9107141999999997
2.8502660000000004
2.8847618
2.8638095000000003
2.8461905
2.7893154999999994
2.8707423
2.8441069999999997
2.8654692
2.7528849
2.6974888
2.7064286000000006
2.6116665
2.6002378999999998
2.744857
2.7040260000000003
2.730980199999999
2.6754444
2.7902868
2.7268075000000005
2.6141903
2.6328552000000003
2.6543449
2.5673512000000005
2.5363987
2.5251785
2.5478851000000002
2.4802082000000003
2.4717857999999997
2.5102379999999997
2.5
2.4777084
2.5946429
2.5804165
2.6223613
2.6058035999999998
2.5388092999999996
2.5666370000000005
2.5149999
2.5286011999999998
2.6011904000000006
2.5030951000000004
2.4399998999999997
2.4829695999999997
2.3685713
2.4128570000000003
2.2991428
2.2821428
2.3071428
2.3065188
2.2792857
2.2478571
2.2628570999999997
2.2341071
2.2828570999999998
2.2061903999999997
2.2378571
2.1828571
2.185
2.2128571
2.155
2.1553571
2.155
2.1178571
2.1178571
2.1428571
2.1694641999999997
2.1569642
2.1303571
2.1266070999999998
2.1266070999999998
2.1066070999999997
2.1216071
2.1130134
2.1214286
2.1078571
2.1178571
2.07
2.0775
2.095
2.07
2.0605
2.0416667
2.015
2.015
2.0286088
2.0103333
2.06
2.03
2.055
2.065
2.03
2.02
2.015
2.015
2.035
2.04
2.055
2.025
2.015
2.035
2.015
2.0325
2.025
2.015
2.015
2.015
2.0275
2.0425
2.01
2.0283333
2.0375
2.0
2.0
2.0
2.0
2.0
2.03
2.0
2.0
2.015
2.0
2.0266667000000003
2.0
2.005
2.0
2.01
2.056
2.005
2.005
2.0125
2.04
2.0
2.03
2.0
2.0
2.0
2.0
2.01
2.005
2.0375
2.0075
2.03375
2.0125
2.025
2.02625
2.0314113000000003
2.0125
2.0075
2.01
2.01375
2.0413333
2.00875
2.01
2.0179167000000002
2.0404167
2.04875
2.0526041
2.013125
2.00875
2.025
2.0220833
2.0271874
2.0525
2.04125
2.018125
2.0253571
2.0284374
2.0171874
2.0208333
2.0183333
2.015
2.015
2.019375
2.01625
2.015625
2.02
2.0466667000000003
2.0
2.0
2.0
2.0
2.0267657
2.015
2.0
2.0
2.005
2.0325
2.003125
2.0
2.01
2.0
2.0
2.0
2.041875
2.0
2.0391667
2.015
2.0
2.0291667
2.01
2.025
2.0
2.0075
2.0
2.06
2.0033333
2.0
2.0
2.0
2.0
2.035
2.0206047999999996
2.02
2.0025
2.06
2.0
2.0
2.0375
2.005
2.0
2.02
2.0
2.04
2.055
2.04
2.055
2.0684374
2.06
2.1175
2.105
2.0875
2.08
2.1
2.15
2.125
2.1325
2.08
2.12
2.084375
2.125
2.11
2.12625
2.1
2.1
2.1
2.080625
2.06
2.06
2.0485715
2.06
2.07
2.0314286
2.045
2.03
2.02
2.1
2.074375
2.0775
2.055
2.0675
2.0653333000000003
2.0775
2.09375
2.0733333
2.0775
2.11125
2.105
2.1175
2.05375
2.0175
2.015
2.01375
2.0175
2.02125
2.015
2.0
2.05
2.0
2.0
2.06
2.12
2.095
2.1316667000000002
2.1412903
2.1441667
2.1672917000000003
2.1358334
2.1283334
2.1175000999999996
2.14
2.1683334000000003
2.1210714999999998
2.0425
2.0416667
2.045
2.0375
2.0426613000000002
2.0775
2.0575
2.065
2.0779167000000003
2.1175
2.08
2.0975
2.0475
2.0775
2.065
2.0625
2.0841667
2.0425
2.0641667
2.0575
2.0516667
2.06
2.1125
2.09
2.0741667
2.1
2.07625
2.0773334
2.03
2.025
2.036875
2.055
2.13
2.06
2.065
2.04
2.0453126
2.04
2.04
2.03
2.04
2.04
2.0803571
2.045
2.06
2.07
2.04
2.055
2.036875
2.04
2.09
2.03
2.0425
2.0425
2.055
2.06
2.03
2.03
2.04
2.061875
2.055
2.02875
2.035
2.06375
2.085
2.05
2.05
2.07875
2.055
2.045
2.07
2.125
2.120625
2.13875
2.1225
2.135
2.155
2.1533333
2.101875
2.100625
2.1
2.075
2.065
2.08
2.08
2.06
2.05
2.0307143
2.045
2.03
2.03
2.03
2.025
2.02
2.010625
2.025
2.03
2.0425
2.04875
2.03
2.1175
2.0825
2.085
2.025
2.07375
2.02
2.065
2.0866667000000003
2.045
2.05
2.06
2.095
2.06
2.0275
2.02
2.026875
2.02
2.0425
2.07
2.025
2.035
2.0375
2.05375
2.0446874
2.03375
2.06375
2.0875
2.04375
2.0375
2.0375
2.03375
2.035
2.01
2.015
2.0410317
2.045
2.049375
2.02
2.01
2.03
2.01
2.01
2.056875
2.015
2.015
2.02
2.04
2.015
2.01
2.035
2.01
2.03
2.01375
2.0133332999999998
2.0
2.0
2.0
2.0
2.01
2.0125
2.0
2.0
2.004375
2.0
2.0075
2.0
2.0420833
2.0446428
2.0321428
2.0021428
2.0021428
2.0166667
2.0242856000000002
2.0038095
2.0062648
2.0038392999999997
2.0038095
2.0414283999999996
2.0442856000000003
2.0041219999999997
2.0438095
2.0917856
2.0083928
2.0
2.0267707
2.0
2.01
2.0
2.04
2.0
2.0
2.01375
2.0
2.0275
2.04
2.0
2.0134375
2.0134374
2.0
2.01
2.04
2.0
2.0
2.0
2.01
2.0025
2.0
2.0
2.01
2.05
2.02
2.01
2.0025
2.0
2.0
2.045
2.01375
2.0
2.04
2.02
2.07
2.0125
2.0
2.01
2.0
2.0
2.005
2.05
2.0
2.0
2.0
2.0025
2.0
2.0069999999999997
2.0133984
2.04
2.01
2.0521428
2.02
2.02
2.06
2.035
2.0425
2.0375
2.03
2.025
2.0354167000000003
2.0525
2.03
2.0825
2.065
2.05
2.0412903
2.1
2.08
2.0785715
2.1025
2.08
2.045
2.03125
2.04
2.03
2.0425
2.09375
2.093871
2.055
2.075
2.075
2.1
2.0883333
2.085
2.08375
2.0625
2.11
2.07
2.0875
2.1143952
2.06
2.05125
2.069
2.11
2.085
2.065
2.065
2.085
2.095
2.08
2.0838896
2.0735715
2.09
2.1225
2.12
2.228
2.12
2.1575
2.1364286
2.1175
2.1028226
2.19
2.115
2.12
2.135
2.13
2.145
2.0825
2.1175
2.105
2.11
2.1181666999999997
2.1025
2.115
2.095
2.1075
2.0925
2.105
2.105
2.0775
2.095
2.0927734
2.08
2.1046874
2.0857812
2.085
2.0883333
2.075
2.1069999999999998
2.055
2.0804839
2.1083333
2.075
2.055
2.10875
2.06
2.073125
2.0625
2.0781872000000003
2.093
2.1181875000000003
2.0730357
2.1287812
2.07
2.05
2.1134880999999996
2.12
2.1050904
2.11
2.138
2.15625
2.162
2.1433333
2.1546773999999997
2.15
2.17
2.2
2.219375
2.2272188
2.19625
2.165
2.21
2.1795
2.22875
2.2028215
2.1793333
2.181
2.17375
2.16925
2.163125
2.1464999999999996
2.1736106
2.15625
2.1799999999999997
2.19875
2.1892469
2.15875
2.1925
2.1725
2.1475
2.1942500000000003
2.14
2.1334999999999997
2.1871428
2.179254
2.1223612
2.0909999999999997
2.1461112
2.1656112
2.1636112
2.1288891
2.1484523
2.1776985
2.1480982
2.1933333
2.17875
2.1524444
2.1107910000000003
2.1735715
2.2123215000000003
2.2523216
2.2135715
2.2014887
2.2991271
2.1719722000000004
2.2991073
2.284531
2.3366199000000005
2.3424577
2.3008930000000003
2.287143
2.2986579
2.4360715
2.3530159
2.365
2.4607594
2.3816667000000002
2.37
2.3075
2.4019999999999997
2.34
2.3175
2.4825
2.3594443999999997
2.4025
2.5065539
2.405
2.475
2.3694444
2.4145
2.35
2.405
2.465
2.395
2.3775
2.455
2.3202733999999996
2.46
2.4075
2.48
2.4225
2.51625
2.365
2.3871428
2.385
2.409414
2.3780951999999997
2.32
2.29
2.3594443999999997
2.3961111
2.4190918
2.3244444
2.26
2.22
2.2142857
2.3407585
2.280625
2.230625
2.2627776999999996
2.2805684
2.25375
2.3403645
2.2267265
2.3167709
2.2797689
2.3159549
2.2944443999999997
2.3156771000000003
2.2353332999999997
2.2753333000000002
2.36
2.33375
2.28
2.32
2.3326667
2.4958333
2.5345833
2.4564583
2.4722581
2.6233887999999994
2.5752776999999996
2.4752777
2.4371605
2.3652776999999996
2.3670632
2.37
2.3870152
2.4390674999999997
2.4597221
2.4321605
2.4587301999999998
2.4559081000000003
2.3919186
2.5118253999999998
2.447742
2.408395
2.4088973
2.4163053999999997
2.4759866
2.4022256
2.4573763
2.5401979
2.5068947999999995
2.5825825000000004
2.5772874000000003
2.6456442000000004
2.5878611
2.6614957000000006
2.7065118
2.6663775000000003
2.706305800000001
2.6876487000000004
2.6723569999999994
2.6316634
2.6036438000000004
2.6253341999999997
2.5932895
2.5713844
2.6098294999999996
2.5374426
2.5545809999999998
2.5331726
2.5233735000000004
2.5353512000000005
2.5826987
2.6052446999999996
2.6653059999999997
2.5190347999999996
2.6745650999999997
