10.3
10.1
9.716000000000001
9.5
9.6
9.9
9.9
9.6
9.48
9.2
8.88
9.1
8.855555500000001
8.8
8.5555555
8.4755555
8.7444445
8.3444445
8.1555555
7.8444445
7.7755555
7.5555555000000005
7.3
7.111111000000001
6.7
6.5444445
6.4444444999999995
6.4244445
6.255555500000001
5.9444444999999995
6.0444445
5.8
6.0
5.9444444999999995
6.0444445
6.1
5.744444499999999
5.888889000000001
5.744444499999999
5.7244445
5.591803199999999
5.7
5.6444445
5.8
5.78
5.6
5.3
5.4444444999999995
5.1
5.2
5.2
5.4
5.135555500000001
5.2
5.129690399999999
5.2034609
5.3133335000000015
5.1444445
5.4634609
5.2362477
5.428889000000001
5.3167944
5.3222225000000005
5.2133335
5.168888999999999
5.1679053999999995
5.1888890000000005
5.177778000000001
5.133333500000001
5.1888890000000005
5.4034609
5.1444445
5.129690399999999
5.08
5.2
5.08
5.1444445
5.0
5.3155555
5.4244445
5.4
5.244444499999999
5.38
5.324444499999999
5.3
5.3
5.324444499999999
5.3444445
5.244444499999999
5.18
5.2
5.18
5.1
5.4
5.324444499999999
5.368889
5.548889
5.48
5.331213700000001
5.595555500000001
5.468889000000001
5.38
5.38
5.66
5.54
5.8
5.803999999999999
5.74
5.6096904
5.4955555
5.36
5.3771555
5.36
5.204444499999999
5.3044445
5.263999999999999
5.16
5.4555555
5.204444499999999
5.3844445
5.3044445
5.32
5.5155555000000005
5.78
5.18
5.4755555000000005
5.6044445
5.48
5.5044445
5.34
5.28
5.675555500000001
5.18
5.1190244
5.319016400000001
5.5244444999999995
5.3
5.28
5.3444445
5.3
5.4244445
5.3
5.48
5.3
5.2
5.4244445
5.326229499999999
5.271803199999999
5.1
5.1444445
5.3
5.135555500000001
5.28
5.3
5.1160000000000005
5.2034609
5.18
5.244444499999999
5.4
5.5444445
5.129690399999999
5.1
5.0
5.0
5.1415999999999995
5.0
5.16
5.08
5.48
5.46
5.2
5.18
5.18
5.1
5.444
5.1444445
5.0
5.1
5.2244445
5.1
5.0444445
5.0
5.107796899999999
5.16
5.08
5.18
5.26
5.1
5.08
5.0
5.244444499999999
5.215555500000001
5.1741349
5.0
5.1
5.319016400000001
5.3444445
5.18
5.0918032
5.4244445
5.1590164000000005
5.0444445
5.18
5.2190164
5.0444445
5.324444499999999
5.170674
5.22
5.38
5.1
5.1
5.376889
5.2034609
5.295555500000001
5.1
5.26
5.2
5.08
5.1404445
5.16
5.3372445
5.18
5.08
5.18
5.26
5.295555500000001
5.18
5.2
5.170674
5.2
5.1
5.28
5.1327869
5.26
5.1
5.343999999999999
5.1
5.324
5.08
5.2244445
5.3044445
5.3844445
5.404444499999999
5.44
5.36
5.6844445
5.66
5.548888799999999
5.6044445
5.74
5.5844445
5.5044445
5.5444445
5.46
5.6034609
5.3444445
5.324444499999999
5.4444444999999995
5.5296904
5.488889
5.388888999999999
5.4444444999999995
5.288889
5.244
5.1
5.3
5.1
5.3444445
5.3
5.18
5.2
5.1
5.2
5.1688887999999995
5.36
5.1888888
5.26
5.16
5.584
5.36
5.404444499999999
5.26
5.26
5.36
5.404444499999999
5.5912
5.24
5.36
5.18
5.0444445
5.1878048
5.3865574
5.244444499999999
5.0
5.3
5.2
5.2244445
5.08
5.3
5.0
5.26
5.1444445
5.2
5.44
5.18
5.176
5.24
5.18
5.284444499999999
5.2888888
5.0
5.1
5.288444500000001
5.0444445
5.08
5.1
5.1
5.08
5.1444445
5.38
5.0
5.18
5.2244445
5.0
5.4
5.5244444999999995
5.551111
5.2
5.4
5.28
5.48
5.388889000000001
5.4
5.4
5.28
5.34
5.324444499999999
5.38
5.42
5.26
5.18
5.324444499999999
5.324444499999999
5.4239999999999995
5.18
5.204444499999999
5.0
5.1
5.1
5.263999999999999
5.08
5.08
5.18
5.1
5.1
5.0444445
5.1
5.16
5.18
5.2
5.1
5.3444445
5.1
5.1
5.0444445
5.08
5.3133335
5.18
5.26
5.18
5.0
5.36
5.1834609
5.399016400000001
5.1834609
5.239016400000001
5.239016400000001
5.519016400000001
5.2990164
5.1390164
5.239016400000001
5.2834609
5.059016400000001
5.1590164000000005
5.1390164
5.1390164
5.319016400000001
5.059016400000001
5.0590164
5.1590164000000005
5.1639054
5.0590164
5.3
5.1
5.02
5.26
5.28
5.0
5.0262295
5.0262295
5.1444445
5.26
5.4444444999999995
5.1
5.28
5.4244445
5.28
5.28
5.1
5.244444499999999
5.2
5.1590164000000005
5.0
5.2244445
5.0
5.2461247
5.0
5.16
5.0
5.3380676
5.1444445
5.2
5.0
5.1327868
5.164608
5.08
5.0
5.0661246
5.2654831
5.28
5.1062295
5.144
5.0
5.08
5.1
5.0
5.1444445
5.0
5.0
5.124444499999999
5.0
5.16
5.3967868999999995
5.406124600000001
5.250674
5.2244445
5.368888999999999
5.3044445
5.18
5.28
5.38
5.72
5.484000000000001
5.664444499999999
5.34
5.356
5.547999999999999
5.64
5.6555555
5.44
5.44
5.46
5.404
5.18
5.36
5.1955555
5.08
5.3105691
5.28
5.0
5.2
5.26
5.0444445
5.3
5.36
5.18
5.0
5.096
5.0327869
5.0444445
5.088889
5.242543
5.0
5.204444499999999
5.08
5.1
5.18
5.124444499999999
5.2
5.319016400000001
5.1
5.0
5.3718032
5.244444499999999
5.088889
5.168888999999999
5.168888999999999
5.208444500000001
5.0444445
5.0
5.0
5.1
5.0
5.136
5.2
5.0444445
5.26
5.134467099999999
5.0327869
5.0327869
5.5244444999999995
5.2
5.244444499999999
5.4
5.277231400000001
5.3444445
5.5244444999999995
5.432889
5.604
5.4236431000000005
5.3044445
5.233333500000001
5.3333335
5.288889
5.448889
5.2244445
5.1444445
5.404444499999999
5.1964445
5.3604445
5.1804445
5.388888999999999
5.3
5.2644445
5.2
5.3
5.1327869
5.3676314000000005
5.1
5.126229499999999
5.3062295
5.326229499999999
5.126229499999999
5.206229499999999
5.239016400000001
5.126229499999999
5.208014500000001
5.396459
5.343039
5.468014499999999
5.232459
5.332459
5.3780327
5.3062295
5.2190294999999995
5.4262295
5.132459
5.132459
5.2706740000000005
5.4302295
5.330674
5.1772314
5.124444499999999
5.0444445
5.0444445
5.250674
5.38
5.0444445
5.1444445
5.0
5.0444445
5.1
5.1
5.1
5.2
5.3390164
5.0444445
5.0444445
5.288444500000001
5.124444499999999
5.204444499999999
5.088889
5.168889
5.2034609
5.2244445
5.268444499999999
5.268889000000001
5.288888999999999
5.1444445
5.0444445
5.0444445
5.088889
5.0444445
5.18
5.1444445
5.0444445
5.1444445
5.292249300000001
5.248888999999999
5.34
5.36
5.2244445
5.18
5.34
5.204444499999999
5.168889
5.124444499999999
5.2244445
5.168889
5.124444499999999
5.268889000000001
5.268889000000001
5.3372314
5.2244445
5.2204445
5.124444499999999
5.1444445
5.0444445
5.244444499999999
5.0444445
5.1444445
5.1444445
5.088889
5.088889
5.257778000000001
5.088889
5.288889
5.168889
5.208889
5.288889
5.328889
5.248889
5.248889
5.370564900000001
5.434681299999999
5.3822225
5.497778
5.5822225
5.369778000000001
5.471111500000002
5.442667
5.6262094000000005
5.497341000000001
5.5155558000000005
5.660000500000001
5.604444800000001
5.856000300000001
5.795556
5.711556000000002
5.715556
5.551111499999999
5.626667000000001
5.786667
5.606667000000001
5.441238900000001
5.608452000000001
5.4093335
5.357778000000001
5.377778000000001
5.337778000000001
5.532349900000001
5.3133335000000015
5.2293335
5.2723496999999995
5.2333335
5.293333500000001
5.339563000000001
5.3133335
5.417777999999999
5.213333500000001
5.293333500000001
5.184889000000001
5.3022225
5.357778000000001
5.3051367
5.222222300000001
5.1977780000000005
5.2105649000000005
5.2048890000000005
5.168889
5.180692200000001
5.244444499999999
5.0644445000000005
5.1444445
5.1888890000000005
5.0444445
5.18
5.157231400000001
5.1655738
5.1655738
5.2127869
5.0327869
5.0327869
5.371803299999999
5.1327869
5.2127869
5.0527869
5.0537705
5.1444445
5.088889
5.1444445
5.1444445
5.1160000000000005
5.1
5.0
5.2
5.124444499999999
5.0355555
5.1
5.0
5.0
5.0772314
5.18
5.0
5.08
5.1
5.02
5.2590164
5.2644445
5.32
5.38
5.12
5.2604445
5.24
5.04
5.175555500000001
5.121785
5.24
5.155999999999999
5.104
5.02
5.056
5.0644445000000005
5.2102295000000005
5.12
5.0
5.18
5.1444445
5.2
5.0
5.0444445
5.1
5.0390244
5.2244445
5.1
5.2
5.1
5.4955555
5.12
5.1
5.286229499999999
5.124444499999999
5.0
5.0
5.38
5.0444445
5.28
5.0
5.16
5.0444445
5.1
5.1
5.0444445
5.08
5.0
5.1327869
5.2
5.2
5.1444445
5.28
5.18
5.18
5.18
5.18
5.1444445
5.2
5.18
5.1444445
5.324444499999999
5.3
5.2
5.2
5.2
5.1555555
5.2
5.28
5.38
5.263999999999999
5.268889000000001
5.1
5.1444445
5.3044445
5.3
5.26
5.16
5.18
5.16
5.2244445
5.2
5.124444499999999
5.1683424
5.38
5.1
5.437231400000001
5.3127869
5.18
5.1878048
5.1
5.2127869
5.08
5.204444499999999
5.18
5.18
5.26
5.18
5.2363686000000005
5.28
5.08
5.16
5.206229499999999
5.463024399999999
5.0462295
5.1062295
5.2262295
5.126229499999999
5.2262295
5.0852459
5.052459
5.1114754
5.232459
5.052459
5.0786885
5.0786885
5.0969035
5.152459
5.152459
5.2164589999999995
5.0880145
5.512459
5.3657925
5.337348
5.3640075000000005
5.3284519999999995
5.3284519999999995
5.3840075
5.312452
5.2928963
5.428007500000001
5.3284519999999995
5.4295813
5.4640075
5.4440075000000006
5.4440075000000006
5.668451999999999
5.6234734
5.677341
5.568452000000001
5.612349900000002
5.549253200000001
5.552022000000001
5.4499526
5.5648169
5.4520219999999995
5.464816900000001
5.4893624999999995
5.3933625
5.2963933999999995
5.3608379
5.327606500000001
5.3636065
5.3636065
5.316393399999999
5.3846546
5.3160655
5.496969
5.3516210000000015
5.389836000000002
5.369836000000001
5.389836
5.536401400000001
5.469836
5.458725
5.263606500000001
5.342295
5.3867395
5.448524500000001
5.574754000000001
5.594754
5.355095000000001
5.4916575
5.498214900000001
5.496969000000002
5.432969000000001
5.385428000000001
5.511657500000001
5.447723100000002
5.5311838
5.3360655
5.451621
5.460065500000001
5.348860400000001
5.342295
5.3213114
5.295089900000001
5.262295
5.3147540000000015
5.439198500000001
5.314754000000001
5.447213000000001
5.619672
5.713805500000002
5.687249500000002
5.634790500000001
5.659562900000002
5.736102000000002
5.613661300000002
5.772770900000001
5.643978900000002
5.5559564
5.529399000000001
5.431184000000001
5.604954500000002
5.4756285
5.453304900000002
5.452495500000001
5.4524955
5.335592
5.255592
5.2293625
5.335592
5.288378900000001
5.499592000000002
5.5831694999999995
5.4867395
5.3867395
5.530739499999999
5.440510000000001
5.289836
5.463606500000001
5.3852823999999995
5.281821500000001
5.281821500000001
5.281821500000001
5.334280500000001
5.420837900000001
5.386739500000001
5.386739500000001
5.288524500000001
5.388524500000001
5.468524500000001
5.462295
5.288524499999999
5.262295
5.262295
5.209836
5.329508100000001
5.467176500000001
5.389836
5.289836000000001
5.237377
5.237377
5.2022622
5.184918
5.184918
5.2857887
5.1586885
5.132459
5.232459
5.1857888
5.2057888000000005
5.1320182999999995
5.184477300000001
5.204477300000001
5.306706800000001
5.3078492000000015
5.2830831
5.229312600000001
5.3434937
5.2289218
5.284477300000001
5.4022478000000005
5.164805200000001
5.1320182999999995
5.0795593000000006
5.259559300000001
5.204003800000001
5.179559300000001
5.179559300000001
5.0795593000000006
5.1057888
5.0981651
5.1057888
5.1730019
5.1320182999999995
5.2795593
5.2713625
5.0977743
5.1333298
5.1533298
5.0533298
5.1533298
5.0271003
5.016
5.0
5.1
5.0
5.0
5.1
5.08
5.0
5.1
5.0444445
5.08
5.0327869
5.0
5.0
5.2704607
5.08
5.18
5.204444499999999
5.2244445
5.08
5.16
5.08
5.08
5.08
5.0
5.0
5.0844445
5.0
5.0
5.08
5.0
5.0
5.0327869
5.0
5.08
5.08
5.124444499999999
5.16
5.1404445
5.08
5.08
5.08
5.08
5.08
5.16
5.0
5.2244445
5.0444445
5.1
5.1927869
5.0
5.1
5.0
5.0
5.0
5.1
5.0
5.1
5.0
5.1
5.0
5.16
5.126229499999999
5.02
5.064
5.0
5.0
5.0
5.0
5.0
5.08
5.1604445
5.016
5.1155555
5.0
5.1105692
5.08
5.124444499999999
5.0
5.1111112
5.1444445
5.088889
5.088889
5.088889
5.1658726
5.088889
5.168889
5.1098726
5.088889
5.124444499999999
5.0444445
5.16
5.108444500000001
5.0732445
5.0772314
5.0604445
5.12
5.1444445
5.124444499999999
5.0
5.0444445
5.0327869
5.18
5.0
5.1127869
5.08
5.135110999999999
5.0262295
5.0
5.1444445
5.0973442
5.1
5.0
5.0
5.1127869
5.0444445
5.0
5.064
5.0
5.0444445
5.016
5.016
5.1422295
5.1160000000000005
5.136
5.1062295
5.0750164
5.064
5.0
5.08
5.08
5.0
5.0
5.0
5.2172357
5.0
5.0444445
5.0
5.08
5.0
5.0
5.064
5.0288
5.0327869
5.0
5.0
5.0355555
5.0
5.08
5.0999869
5.2356695
5.164
5.0
5.1
5.0555555
5.1287869
5.0355555
5.084
5.0
5.131555499999999
5.08
5.124444499999999
5.08
5.18
5.08
5.124444499999999
5.144
5.1649836
5.1702295000000005
5.08
5.0555555
5.0
5.0444445
5.1555555
5.0
5.0
5.0555555000000005
5.1327869
5.0555555000000005
5.0
5.28
5.1
5.0
5.0
5.0
5.0444445
5.0
5.1639869
5.064
5.0
5.0
5.0444445
5.064
5.0
5.1444445
5.0444445
5.0444445
5.0555555
5.0
5.1160000000000005
5.08
5.12
5.0271003
5.054200600000001
5.1542006
5.0542006
5.134200600000001
5.161300900000001
5.1813009
5.1140878
5.0813009000000005
5.161300900000001
5.101300900000001
5.0813009000000005
5.104336
5.160433800000001
5.1271002999999995
5.091100300000001
5.0271003
5.0271003
5.0271003
5.0
5.0355555
5.02
5.0555555
5.064
5.0444445
5.02
5.0852459
5.0327869
5.0
5.0
5.0832
5.18
5.18
5.124444499999999
5.08
5.343999999999999
5.08
5.2244445
5.12
5.096
5.18
5.08
5.1071003
5.1668538999999996
5.206229499999999
5.215555500000001
5.08
5.319016400000001
5.171100300000001
5.1127869
5.1127869
5.2127869
5.2127869
5.2287869
5.1127869
5.1127869
5.18
5.3044445
5.229690399999999
5.132249300000001
5.0444445
5.124444499999999
5.0444445
5.0444445
5.324444499999999
5.0355555
5.0444445
5.204444499999999
5.0209836
5.0
5.0
5.1155555
5.1
5.0537705
5.08
5.0444445
5.0
5.1127868
5.0973442
5.08
5.0
5.08
5.108444500000001
5.244
5.1284445000000005
5.140444500000001
5.168889
5.124444499999999
5.2048890000000005
5.184889000000001
5.1493335
5.096
5.104889
5.140444499999998
5.2124445
5.1052445
5.0764445
5.0764445
5.0604445
5.0604445
5.1604445
5.1404445
5.1604445
5.0604445
5.1604445
5.172444499999999
5.132
5.165428100000001
5.0924445
5.108444499999999
5.172444499999999
5.2244445
5.181333500000001
5.156889000000001
5.236889
5.3631185
5.2964445
5.0964445000000005
5.140889
5.240888999999999
5.212444499999999
5.3421335
5.2096759
5.352888999999999
5.401333299999999
5.242204500000001
5.108444499999999
5.1110045
5.1724445
5.2396445
5.3364445
5.280888999999999
5.2564445
5.2364445
5.308000000000001
5.1564445
5.3364445
5.1564445
5.2204445
5.4195737
5.312
5.195999999999999
5.2287869
5.3232195
5.112
5.272
5.3555555
5.2315555
5.447213099999999
5.356000000000002
5.192
5.3685391000000005
5.256
5.5120000000000005
5.238144199999999
5.175999999999999
5.212000000000001
5.3409835999999995
5.163555499999998
5.298775099999999
5.2564445
5.255999999999999
5.399999999999999
5.516
5.364444499999999
5.458376499999999
5.475299
5.2727869
5.413770499999999
5.1287869
5.1127869
5.1301311
5.1927869
5.2127869
5.275999999999999
5.18
5.19024
5.1432131000000005
5.16
5.224
5.26
5.24
5.212000000000001
5.2728
5.08
5.38
5.1
5.44
5.1426558
5.2413116
5.3826558
5.08
5.3065705
5.176
5.1272132
5.08
5.1676749
5.2973442
5.0661247000000005
5.0
5.2222295
5.08
5.016
5.0444445
5.0
5.1702295000000005
5.0
5.2458749000000005
5.1155555
5.0262295
5.02
5.016
5.0776
5.228
5.164
5.0
5.0
5.0
5.1
5.064
5.0209836
5.08
5.1
5.08
5.064
5.096
5.0
5.0
5.18
5.1
5.18
5.2
5.0
5.0327869
5.0924445
5.02
5.0
5.0
5.02
5.0355555
5.2355555
5.016
5.0360000000000005
5.0360000000000005
5.1248000000000005
5.132000000000001
5.051555499999999
5.016
5.0582294999999995
5.031999999999999
5.0760236
5.016
5.1404445
5.016
5.032
5.016
5.096
5.0882427
5.0
5.0444445
5.0
5.0262295
5.2404445
5.116
5.1933442
5.052
5.032
5.195999999999999
5.016
5.116
5.1
5.047999999999999
5.031999999999999
5.0767999999999995
5.223999999999998
5.3694281
5.191999999999999
5.156799999999999
5.140444499999998
5.2190294999999995
5.079999999999999
5.0927999999999995
5.122229499999999
5.1088
5.095999999999999
5.108799999999999
5.148458999999999
5.201599999999998
5.1
5.32
5.079999999999999
5.0896
5.127039999999999
5.063999999999998
5.1222294999999995
5.099999999999999
5.2208000000000006
5.2528
5.170944199999999
5.143999999999998
5.236799999999999
5.143999999999998
5.269599999999998
5.371999999999998
5.215199999999999
5.172799999999998
5.280819499999999
5.143999999999998
5.192799999999997
5.3242609
5.198044499999998
5.1852445
5.2604445
5.3723554999999985
5.307843499999998
5.185599999999998
5.2180444999999995
5.259199999999998
5.1372444999999995
5.199033199999999
5.245688999999999
5.105599999999999
5.108444499999999
5.147824399999999
5.2012445000000005
5.177613100000001
5.1656889999999995
5.176799999999999
5.207999999999999
5.1212444999999995
5.1852445
5.1372444999999995
5.1632
5.328888999999999
5.3989442
5.226228099999999
5.1852445
5.508444499999999
5.1532445
5.153244499999999
5.2065955
5.169599999999998
5.419199999999998
5.2128
5.3078295
5.169599999999998
5.3663868999999975
5.388000000000001
5.358399999999998
5.291199999999998
5.348088999999999
5.468799999999999
5.2534399999999986
5.457955499999998
5.6304
5.255029499999998
5.243199999999998
5.182399999999999
5.214399999999999
5.4928
5.265599999999998
5.247199999999999
5.3775999999999975
5.3812444999999975
5.348799999999998
5.3812444999999975
5.450844499999999
5.546755499999998
5.481784999999999
5.490044499999999
5.4928130999999984
5.4651555
5.332799999999997
5.3039999999999985
5.330399999999998
5.476799999999998
5.601599999999998
5.552327599999997
5.448799999999998
5.784710999999998
5.682399999999998
5.636799999999998
5.871024399999998
6.036799999999999
5.8048354999999985
5.783644499999998
5.768
6.0463999999999976
6.286399999999999
6.318399999999997
6.1164444999999965
5.944170499999999
6.182583599999999
6.352604499999996
6.4940444999999976
6.6113919999999995
6.552799999999999
7.221586899999998
6.866399999999998
6.884799999999999
7.071986900000001
7.4772445
6.771199999999998
6.666844499999996
6.716799999999998
7.188
7.465132399999999
7.931383599999999
7.299999999999998
7.263644499999998
7.4336
7.9616
8.7694164
8.802844499999999
8.772184999999999
9.390592000000002
9.2256
9.2344
8.950044499999999
9.074399999999999
9.1699555
9.3712
8.8244314
8.799199999999999
9.4736
9.6748445
10.017599999999998
10.1488
9.7438164
9.552
10.1932445
10.573689
10.9488
11.065586900000001
11.148800000000001
10.629600000000003
10.9968
10.8332445
10.756800000000004
10.744800000000003
10.825084500000003
10.501600000000002
10.5024
10.881599999999999
11.1504
10.9616
11.080000000000005
11.224
11.159232000000005
11.4167869
11.819999999999999
11.7235555
11.742044500000002
11.816000000000004
11.509244500000001
11.768444500000001
11.815999999999999
11.835999999999999
11.602031400000001
11.6114845
11.63296
11.398044500000001
11.492444500000001
11.992444500000001
12.1008
11.9319895
11.9968
12.276800000000001
12.552
12.2256
12.068800000000001
12.2412445
12.420800000000002
12.068800000000001
12.353600000000002
12.437084500000001
12.504799999999998
12.264640000000002
12.212800000000001
12.2284445
12.228444500000002
12.228800000000001
12.632
12.385244499999999
12.395839999999998
12.652000000000001
12.536
12.406080000000001
12.556
12.4528
12.803820499999999
12.568
12.716
12.552
12.5964445
12.76384
12.4208
12.596799999999998
12.638044500000001
12.660444499999999
12.632
12.1343936
12.332799999999999
12.711999999999998
12.292800000000002
12.264000000000001
12.424000000000001
12.28
12.140000000000002
12.17904
12.3
12.148800000000001
12.456800000000001
12.508000000000003
12.3728
12.284
12.444
12.587840000000002
12.8738753
12.568
12.652000000000001
12.86
12.8697705
12.619739899999999
12.452800000000002
12.7408
12.9072
12.5208
12.8895869
12.4408
12.6808
12.645329799999999
12.4812445
12.648
12.7515555
12.856
12.884444499999999
12.784
12.588
12.6164445
12.431040000000001
12.444
12.428000000000003
12.602431999999999
12.596799999999998
12.716
12.427999999999999
12.3728
12.828992000000001
12.5975936
12.625599999999999
12.6505836
12.78
12.79264
12.7635555
12.7635555
12.728800000000001
12.596192
12.572000000000001
12.6323555
12.6456
12.7408
12.84
12.760444499999998
12.568
12.78384
12.856
12.708800000000002
12.748992000000001
12.812000000000001
12.86
12.796608
12.760444499999998
12.712
12.568
12.452444500000002
12.424000000000001
12.452444500000002
12.411999999999999
12.428000000000003
12.4607869
12.413920000000001
12.47584
12.7820445
13.0
12.455232
12.696
12.504000000000001
12.712
12.61984
12.568000000000001
12.568000000000001
12.579839999999999
12.344000000000001
12.468960000000003
12.1389403
12.2
12.464
12.339839999999999
12.14
12.024444500000001
11.884444500000003
12.175839999999999
12.051840000000002
12.17584
12.045440000000001
12.224284500000001
12.21184
12.371384799999998
12.1769245
12.31744
12.191840000000003
12.158069500000002
12.305084499999998
12.355839999999999
12.261632000000002
12.070169
12.310237100000004
11.76832
12.047520000000002
12.445884499999998
12.380672000000002
12.192924500000002
12.13568
12.452480000000001
12.317360200000003
12.387404700000001
12.475520000000003
12.328124500000001
12.279680000000006
12.283680000000002
12.37584
12.231840000000004
12.265610500000001
12.599840000000002
12.42768
12.112639999999999
12.5596432
12.325787200000002
12.210976
12.2102317
12.225079700000002
12.162975999999999
12.018976
11.839808
12.106976000000001
12.0602205
11.879584000000001
11.9714205
12.129984
12.056992000000001
12.232992
12.252991999999999
12.423980500000003
12.116795200000002
12.261401600000001
12.393984
12.227231999999999
12.404000000000002
12.500992000000002
12.072992000000001
12.090672200000002
12.249984000000001
12.1660432
12.192991999999998
12.212992000000002
12.0395555
12.328800000000001
12.618240000000004
12.26
12.4952
12.352
12.351555500000002
11.976
12.36
12.230592000000001
12.1932445
12.336889
12.1315753
12.452444500000002
12.5964445
12.568000000000001
12.312800000000003
12.204
12.475555500000002
12.6354845
12.5847869
12.7408
12.652608
12.5008
12.8755555
12.5968
12.465244499999999
12.4448
12.760444499999998
12.7092445
12.716
12.712
12.796
12.660192000000002
12.455039999999999
12.5456
12.636835500000002
12.776
12.773568000000001
12.9072
12.712
12.732000000000001
12.430583600000002
12.61984
12.261600000000001
12.572640000000002
12.628032000000001
12.5882845
12.776640000000002
12.73568
12.383680000000002
12.57888
12.3290845
12.459483199999998
12.412124499999997
12.446886400000004
12.36528
12.268124499999999
12.325109499999998
12.528480000000002
12.572640000000003
12.54048
12.291520000000002
12.303471400000001
12.340672000000001
12.588639999999998
12.61984
12.712
12.600444499999998
12.51824
12.384888999999998
12.3728
12.280786899999999
12.367388700000001
12.192889000000001
12.424000000000003
12.5435555
12.760444499999998
12.632
12.568000000000001
12.568000000000001
12.50464
12.3932314
12.28
12.344000000000001
12.336889000000003
12.3448
12.320983600000002
12.568000000000001
12.1484445
12.101586900000003
11.801155500000002
12.086031400000001
11.7268445
11.862044500000001
12.054229499999998
12.184800000000001
12.0268445
12.0668445
11.874741100000001
12.002400000000002
11.7020367
11.6752
11.807186900000003
11.565586900000003
11.882857599999998
12.117977000000002
12.107200000000002
11.868992
12.1272
12.2347542
12.103065
12.026216400000001
12.018400000000002
11.933689
11.432800000000002
11.5757475
11.7339555
11.76496
11.973600000000001
11.8997639
11.8170609
11.992000000000003
11.748444500000003
11.727542400000003
11.8935869
12.1072
11.876799999999998
11.660640000000003
11.546571899999998
11.7296
11.744185000000002
11.746755499999999
11.8067555
11.8547555
11.790044499999999
11.4220445
11.669155500000002
12.0048
12.300992
12.107555499999998
12.308800000000002
12.087302999999999
12.28
12.181511
12.4086295
12.3899555
12.395199999999999
12.312995500000001
12.539200000000001
12.566059000000001
12.2806295
12.3364695
12.009429500000001
12.018755500000003
11.9806072
12.3704
12.14624
11.9824
11.8104
12.079829500000002
12.2224
12.2416236
12.253244500000001
12.5968
12.1883555
12.308800000000002
12.309600000000003
12.168800000000001
12.1808
11.901599999999998
12.131840000000002
11.785792
11.642044499999999
12.071999999999997
11.8728
11.956284499999999
12.320032000000003
11.7940375
12.055826900000005
12.185255
12.138069499999999
12.2048
11.964524200000001
11.908
11.944800000000003
11.850240000000001
11.638240000000001
11.9736
11.884444499999999
12.204786899999998
12.1755555
12.395999999999999
12.4764445
12.492
12.3564445
12.356889
12.531680000000001
12.2443555
12.599200000000002
12.371199999999998
12.0550164
12.4977756
12.632
12.776
12.712
12.6597776
12.632
12.228800000000001
12.5364445
12.268983600000002
12.4564445
12.486080000000001
12.514674
12.71104
12.578240000000001
12.6525982
12.444
12.6008
12.884444499999999
12.6782295
12.7408
12.508
12.7408
12.625244499999999
13.0
12.488
12.876
12.648
12.700444499999998
12.716
12.94
13.0
12.740444499999999
12.568
12.648
12.533568
12.372
12.4479003
12.412
12.740444499999999
12.412
12.771016399999999
12.340889000000002
12.14624
12.6448
12.424786899999999
12.696
12.856
12.915999999999999
12.78
12.6235555
12.5955555
12.7
12.339839999999999
12.716
12.4966269
12.412
12.3007869
12.483826899999999
12.576633600000001
12.368
12.333231399999999
12.575999999999999
12.300799999999999
12.300799999999999
12.432
12.4835555
12.481599999999998
12.6341247
12.78
12.716
12.7408
12.856
12.593932399999998
12.475213100000001
12.3412445
12.528457600000001
12.308800000000002
12.427999999999999
12.3315555
12.0738753
12.194684500000003
12.104000000000003
12.292800000000002
12.3770714
12.76
12.724799999999998
12.456375600000001
12.59104
12.3363448
12.3056
12.740444499999999
12.45984
12.552
12.8848
13.0
12.856
12.3878301
12.7248
12.9149442
12.716
12.856
12.856
12.7487869
12.771776
12.856
12.740444499999999
13.0
12.5968
12.856
12.884444499999999
12.621783599999999
12.856
12.612
12.444
12.884444499999999
12.479029500000001
12.529333299999998
12.5164445
12.504786900000001
12.328800000000001
12.120444500000001
12.568000000000001
12.500444499999999
12.492800000000003
12.488
12.740444400000001
12.5964445
12.7408
12.7711112
12.7448
12.7231003
12.92
12.6944
12.568
13.0
12.485244499999999
12.84384
12.776
12.637792
12.776
12.89504
12.643826899999999
12.5555555
12.7248
12.9225651
12.4910164
12.572000000000001
12.708800000000002
12.836476499999998
12.424000000000001
12.776
12.75104
12.92
12.7748196
12.7572314
12.5968
12.712
12.452444499999999
12.5915555
12.760444499999998
12.740444499999999
12.792284500000001
12.5968067
12.600444499999998
12.712
12.1804445
12.3084445
12.148444500000004
12.2654365
12.452192000000002
12.568000000000001
12.057118799999998
12.284284499999998
12.2384759
12.148800000000001
12.6075555
12.4528
12.136
12.345776300000002
12.444
12.2964445
12.2064035
12.616
12.3564445
12.317155499999998
12.596799999999998
12.267840000000001
12.377426900000003
12.1278295
12.250489
12.204786299999999
12.3664
12.4243555
12.4963555
12.545390100000002
12.3625789
12.394592
12.140639999999998
12.329586900000002
12.1976
12.337244499999999
12.354031400000002
12.417599999999998
12.0766164
11.9045335
12.0137705
12.061444600000002
12.208535000000001
12.158755499999998
12.158755500000002
12.312095800000002
12.373927600000002
12.328539099999999
12.6768
12.59376
12.637759999999998
12.62176
12.7052445
12.316221700000002
12.368342400000001
12.372444500000002
12.234560000000002
12.4528
12.335911000000001
12.259036500000002
12.4316695
12.1078179
12.0278045
12.1563319
12.018297
12.230592000000001
12.185568
12.547111000000003
12.407004499999998
12.5678045
12.449760000000001
12.7052445
12.5968
12.792
12.807015000000002
12.704889000000001
12.778215
12.740444499999999
12.8688
12.712
12.760444499999998
12.758655899999999
12.4941291
12.670399999999999
12.7692445
12.856
12.864192000000001
12.77024
12.699328000000001
12.688889
12.786658899999999
12.876
12.705590200000001
12.760444499999998
12.716
12.8248
12.63984
12.561884500000001
12.846044499999998
12.564982399999998
12.501084500000001
12.655999999999999
12.763200000000001
12.3848
12.312767999999998
12.411464200000001
12.586560000000002
12.470481100000002
12.234002599999998
12.3150755
12.356633100000002
12.1518045
12.495808
12.679004500000001
12.306752000000001
12.5441731
12.3869576
12.216446200000002
12.579093499999999
12.5222045
12.5734501
12.522559999999999
12.487739099999999
12.707519999999999
12.55776
12.4021155
12.100444500000002
12.365689000000001
12.465600000000002
12.631804499999998
12.49376
12.3711198
12.389510999999997
12.7408
12.555200000000003
12.603490900000002
12.552158799999999
12.8688
12.677244499999999
12.7187357
12.6292445
13.0
12.68
12.86
12.788191999999999
13.0
12.636
12.712
12.740444499999999
12.856
12.9072
12.678648800000001
12.587555499999999
12.601554900000002
12.712
12.60896
12.856
12.6329194
12.900444499999999
12.592718
12.856000000000002
12.5964445
12.618716500000003
12.59824
12.652000000000001
12.7661247
12.5901639
13.0
12.8027555
12.7725475
12.5642269
12.94
12.452
12.778373799999999
12.779231399999999
12.623199999999999
12.9063652
12.856
12.7635555
12.647644500000002
12.6195555
12.716
12.7355555
12.526536799999999
12.613600000000002
12.3964995
12.6132314
12.755008
12.716
12.6135869
12.8190917
12.7807674
12.856
12.395264099999999
12.7632
12.768889
12.6844445
12.4812445
12.3442019
12.768889
12.466755500000001
12.4408
12.229669500000002
12.4026845
12.2869751
12.712
12.6764445
12.4852445
12.504000000000001
12.5012445
12.5335112
12.202215
12.763200000000001
12.5964445
12.4193089
12.3031198
12.7444445
12.626754100000001
12.5208
12.614453000000001
12.712
12.600444499999998
12.597949899999998
12.7404445
12.7404445
12.574515100000001
12.5976
12.5510045
12.5791986
12.524000000000001
12.6580125
12.56992
12.5878679
12.3225887
12.908278399999999
13.0
13.0
12.5249955
12.7614281
12.773872
12.768889
12.519530999999999
12.7786422
12.871986299999998
12.827043699999999
12.740444499999999
12.804444499999999
12.7355555
12.8711808
12.5931394
12.6620155
12.4570845
12.6848888
12.8532445
12.7835555
12.691792
13.0
12.625065099999999
12.942403500000001
12.624888799999999
12.6863242
12.7827555
12.907555499999999
12.8327653
12.7283522
13.0
12.880803499999999
13.0
12.672893899999998
12.884444499999999
12.856
12.7378997
12.820444299999997
12.8044443
12.655908199999999
12.527124899999999
12.8328888
12.8432
12.6788295
12.6812312
12.669544499999999
12.724183600000002
12.7539672
12.686399999999999
12.8112051
12.912888800000001
12.656983599999998
12.7685391
12.6296246
12.8161202
12.780214999999998
12.5361849
12.825777600000002
12.736893900000002
12.7195427
12.521466499999999
12.7539672
12.692810199999998
12.4027665
12.5323309
12.5637528
12.529974099999999
12.679056199999998
12.605034100000001
12.6938775
12.7204692
12.597862300000001
12.6052679
12.5820894
12.7258724
12.3901017
12.4443742
12.559292800000001
12.724108800000002
12.5722841
12.748059399999999
12.515893099999998
12.6989508
12.669848000000002
12.6277333
12.5944875
12.6701333
12.706331400000002
12.588764500000002
12.5843472
12.652228899999997
12.6885084
12.8460444
12.6345957
12.734533500000003
12.79044
12.830856
12.715644499999998
12.8044443
12.660088799999999
12.560889000000001
12.6550037
12.6760888
12.750673999999998
12.7192
12.7417245
12.6674135
12.624889000000001
12.690943400000002
12.7973333
12.7404445
12.6914674
12.8258753
12.605343600000001
12.653695800000001
12.6431006
12.6363555
12.4484445
12.3926802
12.6417925
12.348007599999999
12.278889
12.224444499999999
12.6653335
12.4326045
12.269777999999997
12.2038935
12.275679099999998
12.3770801
12.6382331
12.6825245
12.505743400000002
12.675998599999998
12.4820764
12.346866900000002
12.473109499999998
12.374480100000001
12.865777600000001
12.3840943
12.3054025
12.442160199999998
12.1008143
12.389649800000003
12.5880639
12.8475576
12.619848600000001
12.652534800000002
12.5391534
12.7060445
12.609687599999999
12.723377799999998
12.4718151
12.5882525
12.690674000000001
12.5040875
12.234240199999997
12.229766300000001
11.997719300000002
12.2208012
11.884541100000002
12.036377000000002
12.148896100000002
12.154727699999999
11.729520899999997
12.045140299999998
11.8872899
11.8362109
12.026219299999998
11.993512699999998
11.863663299999999
11.9952128
11.859098399999999
11.9941137
12.0848348
12.0892426
11.965100399999997
12.186062499999998
12.0414225
12.042564899999997
12.0364574
11.828960200000001
11.861675900000002
11.905778000000003
11.668490100000001
12.2221335
11.6504061
11.878187700000003
11.6337665
11.891978199999999
12.0179657
11.7178094
12.021445700000001
12.2782225
12.090745
11.947217899999998
11.7907481
11.9746764
11.753265599999999
12.2192978
12.108483799999998
12.1865085
12.334303400000001
12.1175171
12.1365976
12.014375100000002
12.270253100000001
12.150165600000001
12.258576
12.2392177
12.2579398
11.887457300000001
12.192746199999998
12.2163482
11.992745500000002
12.342202399999998
12.2552
12.385858900000002
12.2617955
12.0230006
12.137423200000002
12.000389200000003
12.036444699999999
12.0632876
12.0414225
11.926319799999998
11.7733335
12.212999599999998
12.066043400000002
12.1413335
12.2650668
12.084088999999999
12.073505500000001
11.623644500000001
11.763200000000001
11.840533500000001
11.321778
11.126663300000002
11.210859000000003
11.030293500000003
10.926120400000004
10.868178000000002
10.627556
10.769966700000003
10.790222499999997
10.533244799999999
10.1782562
10.245789199999997
9.951372699999999
10.2048884
10.359188
10.073700200000001
9.756000499999997
9.8978656
9.499200499999999
9.83522
9.8693515
10.121867
9.899209299999999
10.196444999999999
10.460356
10.504444999999999
10.162229999999997
10.0257785
10.1791115
10.377691500000001
10.254851699999996
10.204000499999998
10.5631115
10.2959365
10.459555999999997
10.731555999999998
10.741238900000003
10.598222499999999
10.739898399999998
10.897333500000004
10.9172362
10.402667000000003
10.547467000000001
10.250204799999999
10.521778
10.447396000000001
10.588000499999998
10.7604625
10.68858
10.880907
10.8187673
11.138667
11.205881000000002
11.128530000000001
11.657778
11.7660183
11.7233338
11.3053981
11.343118500000003
11.4558997
11.646120400000003
11.831999999999999
11.837073400000001
12.109777999999999
11.9621335
11.917333300000001
11.69877
11.723573500000002
11.8871011
11.588444500000003
11.7848892
11.8462225
11.732444500000003
11.9145741
12.017778
12.077707400000001
12.464888999999998
12.267563
12.480889
12.347999999999999
12.2423255
12.312444500000002
12.173778
12.3644445
12.192889000000001
12.2444445
12.2742332
12.2464083
12.452444500000002
12.532849
12.3084445
12.2617245
12.480889000000001
12.350764300000002
12.5147983
12.480889
12.3764445
12.3884445
12.299127499999999
12.624888999999998
12.6747557
12.568000000000001
12.7284445
12.5818753
12.740444499999999
12.856
12.776
12.444992
12.8528
12.777779599999999
12.7329836
12.8955555
12.8296802
12.758319799999999
12.592012399999998
12.8102045
12.856
12.8526426
13.0
12.641884500000002
12.872444500000002
12.805088000000001
12.9204691
12.884444499999999
13.0
12.811398100000002
12.724444499999999
12.8103096
12.682648799999999
12.71856
12.52528
12.75248
13.0
12.8528
12.6774554
13.0
13.0
12.708800000000002
12.696
12.6349442
12.7408
12.7696
12.568355500000001
12.907555499999999
12.831555500000002
12.732000000000001
12.688596500000001
12.5530051
12.7132072
12.5026665
12.496875300000001
12.5721536
12.434658899999999
12.549567999999999
12.605052500000001
12.310283799999997
12.393575
12.5279003
12.492324200000002
12.324247700000003
12.452444500000002
12.1964445
12.262325499999998
12.0988381
12.2807869
12.3163499
12.5644445
12.607472600000001
12.662847999999999
12.478392800000002
12.586488999999998
12.537060899999998
12.4130845
12.7318419
12.662847999999999
12.363029200000001
12.792460499999997
12.9260445
12.839203500000002
12.9260445
12.8374199
12.539288999999998
12.5491643
12.6598183
12.770044500000001
12.817959
12.600003499999998
12.7716388
12.5451837
12.609696399999997
12.6260935
12.649656700000001
12.438851599999998
12.3383214
12.347724400000002
12.204983600000002
12.341515
12.2862388
12.136505699999997
12.017650300000003
11.823653400000001
11.954092800000002
11.946213700000001
11.8189857
12.2398616
12.0361221
11.941107799999997
12.1913706
12.122196300000002
11.975716
11.905273000000001
12.032138599999996
12.255381499999999
11.8530152
11.8701667
11.557426
11.890200700000001
11.743425799999997
11.5828262
11.8374749
11.3844272
11.456697199999994
11.3346812
11.009606099999996
11.041522900000002
11.287802000000001
11.3252799
11.1058309
11.479832299999998
11.602261
11.733963900000001
11.6384276
11.607362
11.176148000000001
11.234375699999998
10.8970429
10.647450999999998
10.7630092
10.870253300000002
10.880540500000002
11.2543979
11.027509299999998
11.1297024
10.772092699999998
10.599737899999996
10.681188900000002
10.628948400000004
10.750037499999998
11.145174399999998
10.8341589
11.208458599999998
11.550332500000001
11.3323389
11.245832099999998
11.298673
11.556018
11.5774064
11.337659100000002
11.5039472
11.776952000000001
11.605596200000003
11.482142000000001
11.486348200000002
11.492431700000003
11.795085900000002
11.655721100000003
11.7878842
12.057563900000002
11.850566799999998
12.018556400000001
11.983017300000002
11.8153685
11.794042099999999
11.780273599999997
11.9980077
11.958957599999998
11.923536799999999
11.789956299999998
12.363929
12.3626503
12.754684500000002
12.59504
12.610684500000001
12.831199999999999
12.630239999999999
12.765980500000001
12.8528
12.856
12.7172444
12.739181100000001
12.875982899999999
12.927200000000001
12.767658
12.8848
12.892992
12.771040000000001
12.7448
12.510399999999999
12.3770513
12.59424
12.512470800000001
12.2874845
12.655063400000001
12.665155500000001
12.7692445
12.792013099999998
12.772772599999998
12.7767692
12.716122
12.8848
12.7931491
12.8937705
12.9139412
12.875982899999999
12.62576
12.892992
12.774311
12.884444499999999
12.822719999999999
12.5879829
12.72224
12.7497789
12.856
12.67744
13.0
12.6616759
12.765792000000001
12.6755706
12.5964432
12.712
12.6448
12.728800000000001
12.6868293
12.754755500000002
13.0
12.821471999999998
12.748992000000001
12.915016399999999
12.9285845
12.7840355
13.0
12.6644045
12.754229500000001
12.988
12.7692445
12.725586900000001
12.790763299999998
12.8016127
12.7732445
12.754234900000002
12.740444499999999
12.7515555
12.92
12.715982899999998
12.7047338
12.767218600000001
12.5964445
12.890720000000002
13.0
12.6508909
12.9539811
12.824506900000001
12.856
12.635232
12.856
12.7231003
12.856
12.7572381
12.59104
12.5777672
12.471232
12.7553836
12.8191869
12.92
12.945420799999999
12.8728
12.856
12.7699756
12.844000000000001
13.0
13.0
12.8793536
12.933225
12.9324765
12.70176
12.892992
13.0
12.7751134
12.9318032
13.0
12.7706845
13.0
12.884444499999999
12.75104
13.0
12.8990164
13.0
12.8796695
12.754229500000001
12.856
12.802553600000001
12.8728
12.706595499999999
12.884444499999999
12.8990164
12.789952000000001
12.9139811
12.482258
12.881226400000001
12.8408
12.740444499999999
12.9030045
12.7332196
12.740444499999999
12.6522714
12.432924499999999
12.6877086
12.711111
12.747353600000002
13.0
13.0
12.9318032
12.828921000000001
13.0
12.713864899999999
13.0
12.8727936
12.87152
12.8982349
12.72224
12.5976
12.892992
12.7683555
12.988
12.747231999999999
12.8728
12.856
12.748992000000001
12.494867300000001
12.286580399999998
12.604992000000003
12.3102083
12.5191849
12.461601
12.615232
12.258325500000002
12.454234900000001
12.455232000000002
12.470467500000002
12.608991999999999
12.445792
12.774239999999999
12.748991999999998
12.3724529
12.609792000000002
12.388185600000002
12.5496
12.684992000000001
12.746947500000001
12.759232000000003
12.765792000000001
12.777436499999999
12.8728
12.7456
12.535519999999998
12.635833600000002
12.7456
12.685599999999999
12.7612445
12.6531555
12.504468100000002
12.523392
12.615839999999999
12.761599999999998
12.759231999999999
12.927200000000001
12.884444499999999
12.7632
12.8707366
12.856
12.8005476
12.4164381
12.869434900000002
13.0
12.5888
12.75104
12.621949100000002
12.648800000000001
12.584733700000001
12.5208
12.4535869
12.335839999999997
12.504355499999999
12.226595499999998
12.236317199999998
12.526475900000001
12.515980500000001
12.325973199999998
12.738381100000002
12.5964445
12.6199869
12.5916314
12.4407869
12.474360700000002
12.4743607
12.3585527
12.3420183
12.198373799999999
12.3521429
12.3889469
12.4247869
12.4123555
12.630373800000003
12.641675900000001
12.779986899999999
12.5932445
12.4966138
12.872786900000001
12.756889000000001
12.7102525
12.872786900000001
13.0
12.822719999999999
12.625599999999999
12.638674000000002
12.625599999999999
12.541770499999998
12.648
12.4444607
12.5388445
12.5516449
12.668616400000001
12.6537709
12.58464
12.3561153
12.538401499999997
12.5371555
12.494926
12.6916564
12.5893185
12.804184600000001
12.6678295
12.580998099999999
12.4392464
12.5674885
12.5744
12.478844500000001
12.414596900000001
12.6771555
12.4287659
12.6678295
12.5110295
12.4148226
12.7696
12.704801400000001
12.56352
12.5118164
12.847021400000001
12.8048
12.711705
12.670048
12.5670164
12.7388367
12.6361194
12.892992
12.8787555
12.872786900000001
13.0
12.841875300000002
12.745244500000002
12.831999999999999
12.926336000000001
12.776431800000001
12.628036299999998
12.6667805
12.809376
12.7302295
12.832000000000003
12.864672
12.770336000000002
12.698805499999999
12.6592921
12.6645942
12.6839296
12.750901500000003
12.497922600000003
12.494752199999999
12.778336
12.964
12.730912
12.7617789
12.737471999999999
12.6480492
12.674263799999999
12.6395939
12.6683522
12.492776800000001
12.743616200000002
12.704672
12.5373524
12.337561
12.775122900000001
12.314816200000005
12.675794900000001
12.2888398
12.675999999999998
12.687100300000003
12.781436299999998
12.770336000000002
12.5381083
12.382680799999997
12.770335999999997
12.463698899999999
12.770336
12.655138299999999
12.4960125
12.720672000000004
12.6599229
12.844000000000001
12.720672000000004
12.5674775
12.7687869
12.702755499999999
12.712548400000001
12.9072131
12.8542168
12.649823999999999
12.844000000000001
12.903880800000001
12.79424
12.7672131
12.94
12.8089257
12.8107069
12.697783600000001
12.8982295
12.8164218
12.889875299999998
13.0
12.6174675
12.7398872
12.5359366
12.7277953
12.6094138
12.439643300000002
12.633071399999999
12.2254377
12.567394100000001
12.4315694
12.5169717
12.467480700000001
12.423394100000001
12.3644809
12.583026900000002
12.630018300000001
12.6168247
12.698204500000001
12.395493799999999
12.402217
12.5480974
12.4505207
12.761106900000001
12.8107069
12.634215
12.4154321
12.810720000000002
12.635129
12.651757
12.94
12.750673999999998
12.815999999999999
12.9072
12.872786900000001
12.8109051
12.683151800000001
12.6457789
12.7834609
12.750399999999999
13.0
12.8408
12.7327278
13.0
12.933952
12.9182295
12.937919999999998
12.7885311
12.7507555
12.461573800000002
12.7017836
12.7404445
12.632518
12.856
12.7537625
12.625244499999999
12.767555499999999
12.766706899999999
12.746785899999999
12.8087869
12.6867959
12.699868899999998
12.8234363
12.760924499999998
12.6050605
12.802110299999999
12.6748209
12.849049
12.5718677
12.488179500000001
12.739026899999999
12.8728
12.8728
13.0
12.7752131
12.7007584
12.911826900000001
12.794935599999999
12.794056399999999
12.84
12.8809836
13.02
13.0
12.872786900000001
12.7934295
12.94
12.856
12.7329836
12.884444499999999
12.896320000000001
12.936
12.8567869
12.674911400000001
13.0
13.0
13.0
12.7497705
12.937919999999998
12.856
12.697568
12.8848
12.818032699999998
12.5289967
12.77904
12.604992
13.0
12.4844695
12.507181799999998
12.771014399999999
12.745573799999999
12.728800000000001
13.0
12.632031999999999
12.728800000000001
12.7772314
12.94
12.7567908
12.9624
12.631666000000001
12.7390118
12.693600000000002
13.0
13.0
12.9318032
12.745573799999999
12.6332695
12.872786900000001
12.8008144
12.892992
12.880799999999999
12.78
12.812000000000001
12.907231999999999
12.7287869
12.816247699999998
12.892992
12.8913536
12.620153599999998
12.6644931
12.6566336
12.9143936
12.420463100000001
12.648369800000001
12.68541
12.671061499999999
12.716091200000001
12.705580500000002
12.706393600000002
12.822233599999999
12.576633600000001
12.6843608
12.532767399999997
12.7703936
12.678869500000001
12.643180499999998
12.643180499999998
12.6936256
12.8128
12.7752131
13.0
12.601175600000001
12.886229499999999
12.88624
12.6794201
12.625785599999999
12.8987555
13.0
12.896983599999999
12.8982349
12.8982295
13.0
12.785785599999999
12.8728
13.0
12.7456
12.7839901
12.6782349
12.792607699999998
12.6150164
12.6150295
12.6614426
12.779639200000002
12.464469500000002
12.615016400000002
12.558483700000004
12.6152355
12.6356392
12.7400837
12.626313200000002
12.544992
12.4898673
12.6800837
12.6638423
12.6697543
12.602421500000002
12.5417836
12.5847869
12.4662615
12.4671901
12.5960837
12.506654199999998
12.884083700000001
12.7288
12.6809481
12.5847869
12.6263132
12.66672
12.712
12.7971666
12.483307300000002
12.4796378
12.626393600000002
12.2196443
12.3585705
12.6128837
12.4813965
12.350228099999999
12.6409674
12.346591999999998
12.4692445
12.3248837
12.384157400000001
12.485670599999999
12.481783600000002
12.159120899999998
12.601599999999998
12.32384
12.4896706
12.3681792
12.756883699999998
12.4991237
12.728800000000001
12.640618900000002
12.756883700000001
12.7128
12.601600000000001
12.538398999999997
12.608626899999999
12.8728
12.6616
12.728800000000001
12.806752
12.8728
12.656992
12.8728
12.8383347
12.8432
13.0
12.86624
12.9044445
13.0
12.736480000000002
12.59824
12.6782214
12.645183999999999
12.86624
12.5592
12.742229499999999
13.0
12.802902199999998
12.65504
13.0
12.8068381
12.67696
12.8107069
12.5807494
12.7881836
12.8010804
12.86624
12.8809836
12.716707099999999
12.8728
12.8048
12.8441363
12.864626899999998
12.6848245
12.612558199999999
12.692128200000003
12.8550562
12.3879526
12.568056899999998
12.6142011
12.242028
12.348809199999998
12.2736581
12.356155199999998
12.355108300000001
12.509405499999998
12.3476854
12.413495699999999
12.4671442
12.5275892
12.6603071
12.6738903
12.658160599999999
12.726492599999998
12.6887383
12.833440399999999
12.668344499999998
12.6233321
12.8427647
12.3759889
12.8491807
12.343151800000001
12.582595300000001
12.686240399999999
12.4607717
12.7985288
12.833440399999999
12.706240399999999
12.6958564
12.572109699999999
12.2785933
12.326301099999998
12.5508739
12.3693716
12.3488441
12.6974809
12.7061636
12.833440399999999
12.8398564
12.728396499999999
12.6507997
12.6406847
12.8271443
12.7421858
12.8137043
12.568656400000002
12.6190884
12.720035399999999
12.6403268
12.5752927
12.5883034
12.8927869
12.858819599999999
13.0
12.5552
12.7744983
12.748992000000001
13.0
12.779221499999998
12.616672000000001
12.856
12.922022400000001
12.9186709
12.710996600000001
12.8961158
12.792915800000001
12.934935000000001
12.9195639
12.788413499999999
12.685385299999998
12.780902699999999
12.7482694
12.934935000000001
12.8159558
12.309403899999998
12.603735000000002
12.837598
12.6644278
12.434550999999999
12.685661099999997
12.570466499999998
12.650653299999998
12.774355799999999
12.573791199999999
12.806152299999999
12.593109
12.6143558
12.5935846
12.558886500000002
12.6739014
12.133113600000001
12.561619499999999
12.6452274
12.936
12.872786900000001
12.646373800000001
13.0
12.86624
13.0
13.0
12.8816802
12.8816802
12.6754429
12.6992115
12.626240000000001
13.0
12.604992
12.8707456
12.6608088
12.6938917
12.8835456
13.0
12.748782900000002
12.792
12.4824109
12.6123607
12.649037100000001
12.7671161
12.8688
12.892992
12.7472236
12.693984
12.8728
12.92
12.856
12.606432
13.0
12.8887768
12.856
12.646672200000001
12.726592
12.537610500000001
13.0
12.7657856
12.8848
12.7672236
12.741998200000001
12.716
12.6135869
12.892992
12.776
12.92
12.792
12.9315149
12.5291149
12.8163149
12.8163149
12.730708499999999
12.5640556
12.7284365
12.647035
12.441015200000002
12.585210199999999
12.2261914
12.372480000000001
12.4721549
12.2477005
12.530795100000002
12.4480548
12.645306900000001
12.543485599999999
12.756855900000003
12.5582618
12.5562671
12.5443469
12.757815599999999
12.500415599999998
12.5073444
12.5943161
12.8223547
12.638744100000002
12.582813000000002
12.7250696
12.7915149
12.8058156
12.670554900000003
12.548085799999999
12.5741024
12.744710000000003
12.377269799999999
12.650544700000003
12.573776699999998
12.615931100000003
12.7159898
12.586889999999999
12.851948299999998
12.931514900000002
12.660301800000003
12.931514900000002
12.857274900000002
12.798615199999999
12.7667766
12.9315149
12.874431999999999
12.568800000000001
12.771475299999999
12.7529836
12.650176000000002
12.9315149
12.74624
12.655232000000002
12.6632617
13.0
12.5751135
12.72224
12.892992
12.87648
12.864046100000001
12.856
12.600672
12.874431999999999
13.0
12.892992
12.903232000000001
12.9044445
12.901593600000002
12.84
12.728800000000001
12.7861247
12.748992000000001
12.4926336
12.856
12.427712000000001
12.712
12.588000000000001
12.6069399
12.787514900000001
12.856
12.856
12.364224
12.712
12.506924699999999
12.4760137
12.471232000000002
12.712
12.625390099999999
12.396020499999999
12.543200000000002
12.776
12.5136105
12.7729153
12.735999999999999
12.75104
12.856
12.7448
12.72224
13.0
12.856
13.0
12.775545600000001
12.77248
12.5178829
12.6135885
12.7839901
12.763232
13.0
12.7586753
12.667166199999999
12.888800000000002
12.730432
12.619232
12.444479999999999
12.87904
12.464479999999998
13.0
12.79184
12.5808
12.6512433
12.4397965
12.5965965
12.867796499999999
12.799599699999998
12.4727885
12.803796499999999
12.7340365
12.764143899999999
12.867796499999999
12.471891799999998
12.6603341
12.6740365
12.867796499999999
12.6247821
12.590036500000002
12.867796499999999
12.7385421
12.602836499999999
12.723796499999999
12.867796499999999
12.5847595
12.6249805
12.6249805
12.456788499999998
12.206228500000002
12.353967399999997
12.330426899999999
12.720192000000003
12.613184
12.1045969
12.419035200000001
12.436672000000002
12.720191999999997
12.750432
12.576192
12.728384
12.86
12.8735459
12.84
13.0
12.7805312
12.48608
12.680672
12.7472256
12.6698112
12.6769526
12.7998285
12.75104
12.51008
12.67104
12.755040000000001
12.798271999999999
12.567071999999998
12.798271999999999
12.5451085
12.684512000000002
12.798271999999999
12.510272000000002
12.672704
12.336852500000003
12.289503999999999
12.569300499999999
12.584256000000003
12.576064
12.517737000000002
12.373066500000002
12.442304000000002
12.442304
12.425312000000002
12.2691149
12.258256400000002
12.6558285
12.642160100000002
12.7789885
12.747231999999999
12.544212499999999
12.740800000000002
12.856
12.4833421
12.815968
12.728800000000001
12.748991999999998
12.712
12.716
12.576192
12.568000000000001
12.3136
12.159040000000003
12.28
11.852
11.4368
11.880776800000001
12.000992000000002
12.136000000000001
12.006240000000002
12.136000000000001
11.782684500000002
11.704
11.883232
11.848000000000004
11.459545600000004
11.540799999999999
11.8897856
11.704
11.860800000000005
11.831999999999999
11.848000000000003
11.992000000000003
12.136
12.00624
12.022240000000002
12.106124600000001
11.73424
11.767999999999999
11.836000000000002
11.4943936
11.720800000000002
11.600960000000002
11.3534336
11.835999999999999
11.9208794
12.136000000000001
11.727039999999999
12.0048
12.012786900000002
12.086363900000002
11.9175885
12.088032000000004
12.360032000000004
12.489943300000002
12.571999999999997
12.6132445
12.568
12.6169856
12.712
12.856
12.7322463
12.712
12.427999999999999
12.856000000000002
12.6445859
12.6465129
12.5155194
12.5016256
13.0
13.0
12.876172000000002
12.632
13.0
12.86
13.0
13.0
12.856
12.748992000000001
12.856
12.891555499999999
12.772032
12.6068365
12.9023811
12.86624
13.0
12.8848
12.7920084
12.7933819
12.776
12.9126692
12.7408
12.771225600000001
12.779634900000001
13.0
13.0
12.87904
12.76528
12.856
12.9133247
12.892992
12.760788499999999
12.760788499999999
12.748991999999998
12.624991999999999
12.748992000000001
12.460992
12.5502006
12.566701599999998
12.464766
12.4211249
12.256528400000002
12.468752399999998
11.820894500000001
12.0633201
12.3448236
11.990976300000002
12.083293699999999
12.205911099999998
11.997545500000001
11.985105599999997
12.249576999999999
12.325561600000004
12.305961199999999
12.270032999999998
12.4423876
12.6247885
12.275380499999999
12.752991999999999
12.512223999999998
12.664334100000001
12.407060499999998
12.335857999999998
12.431758100000001
12.3225946
12.444558100000002
12.343686499999999
12.545216
12.433714
12.3563495
12.2730381
12.381545000000001
12.4752
12.5717581
12.402772500000001
12.270569
12.4968399
12.491319999999998
12.525288999999997
12.164146
12.118931499999999
12.3505385
12.1648166
12.405137999999999
12.416934499999998
11.968481000000002
12.1937806
12.4557645
12.059922000000002
12.0341735
12.1831215
12.0641255
12.213732
12.140958300000001
11.9373564
12.021774699999998
11.866055000000001
12.091427800000002
11.754131600000001
12.1885853
12.118706
12.0324669
12.1566986
12.3315357
12.451561
12.346058000000001
12.475172800000001
12.2738728
12.312457
12.740889099999999
12.5408207
12.322486199999998
12.472770599999999
12.650585600000001
12.690772500000001
12.401288999999998
12.7143655
12.6505856
12.512831999999998
12.6167885
12.460992000000001
12.568000000000001
12.600444500000002
12.6671
12.712
12.512985600000002
12.5290404
12.528014100000002
12.776
12.454228500000001
12.47984
12.7607885
12.712
12.856
12.856
12.624992000000002
12.5385805
12.394976000000002
12.529780500000001
12.378580499999998
12.497984
12.566772499999999
12.517774100000002
12.7607885
12.544628500000002
12.6167885
12.376317899999998
12.6758285
12.675702800000002
12.7607885
12.761792
12.510580500000001
12.471232
12.6686285
12.6644866
12.5090156
12.4998285
12.3537741
12.561685
12.760788499999999
12.2837196
12.555182
12.876
13.0
12.86
12.60704
12.914393599999999
12.87904
12.9587555
12.752
12.87904
13.0
12.8735586
13.0
13.0
12.620788499999998
12.764770599999999
13.0
12.9186559
12.916233400000001
12.611040000000001
12.608533999999999
12.856
12.628991999999998
12.856
12.592985600000002
12.732000000000001
12.712
12.9047885
12.90784
12.876
12.87904
12.86
12.712
12.72224
12.716
12.6151398
13.0
12.856
12.856
12.728800000000001
12.856
12.742239999999999
12.872786900000001
12.771040000000001
13.0
12.6673856
13.0
13.0
12.856
12.835909099999999
12.716
12.5729836
12.7408
12.7688998
12.4448
12.732000000000001
12.712
12.647803199999998
12.5498373
12.856
12.716
12.568
13.0
12.787424000000001
13.0
12.621662099999998
12.9524864
12.79408
12.8042002
12.9047885
12.658417299999998
12.665577
12.458537900000001
12.4263655
12.346402600000001
12.228870000000002
12.287005900000002
12.080230900000002
12.110580500000001
11.756385700000001
11.822568999999998
11.604001
11.8252202
11.787167900000002
12.151792999999998
11.920134299999999
12.138365499999999
11.993812499999999
11.8593431
12.233577
11.789449000000001
12.0638285
12.472788500000002
12.348788500000003
12.286758900000004
12.275485100000001
12.712
12.2488888
12.385780500000003
12.218655900000002
12.5493118
12.260599200000001
12.2812284
12.413887899999999
12.4186879
12.120633500000002
12.508633499999998
12.4443518
12.6019393
12.5723518
12.693311799999998
12.357145299999997
12.253977100000002
12.241483599999999
12.325007499999996
11.8521722
12.338636999999999
12.2460873
12.416704500000002
12.3092993
12.428507199999999
12.638447699999999
12.4975783
12.613330699999999
12.6746236
12.586303800000001
12.6350077
12.515422899999999
12.5326396
12.336426499999998
12.5880885
12.2908156
12.393472099999999
12.640767700000001
12.435478699999999
12.575113500000002
12.525566300000001
12.7454557
12.3879997
12.504217599999999
12.5554269
12.7559677
12.542043999999999
12.552900100000002
12.3526174
12.5600924
12.538976000000002
12.660172
12.586303800000001
12.2797276
12.5490485
12.2562543
12.188766600000001
12.552783800000002
12.474568199999998
12.198911699999998
12.2762577
12.3555164
12.568543499999999
12.663436099999998
12.7086237
12.3932348
12.497023800000001
12.6350116
12.6827998
12.5686335
12.667647899999999
12.573311799999999
12.3466669
12.4957986
12.382208099999998
12.603737999999998
12.470617200000001
12.2219517
12.188939900000001
12.2634906
12.017368499999998
12.3623163
12.095692300000001
12.422195100000001
12.4766719
12.473770300000002
12.469305400000001
12.3445118
12.6279357
12.417743500000002
12.339935699999998
12.471912699999997
12.3818311
12.2531036
12.0813069
12.402591600000001
12.5998779
12.279037199999998
12.1917595
12.4108992
12.371071500000001
12.3275355
12.199571500000001
12.4674397
12.306582200000001
12.389955299999997
12.3631005
12.3096124
12.1948956
12.530393199999999
12.289651200000002
12.730303800000002
12.4760575
12.488383800000001
12.4111498
12.719791799999998
12.5320926
12.6946784
12.5825918
12.352611099999999
12.560698900000002
12.811647899999999
12.5471788
12.663532599999998
12.5198077
12.7066848
12.7241048
12.7415984
12.822395799999999
13.0
12.817376
12.872786900000001
12.716
12.8505477
12.856
12.7888548
13.0
12.821819900000001
12.767349
13.0
12.7274692
12.7582349
12.617289000000001
12.880985599999999
12.824425000000002
12.916032
12.59824
13.0
12.939686400000001
12.856
12.9128998
12.680779499999998
13.0
12.7356749
12.60895
12.626393600000002
12.771040000000001
12.856
13.0
12.817359799999998
12.87904
12.75504
12.856
13.0
12.814774499999999
12.892992
12.7569856
13.0
12.856
13.0
12.7555456
12.86624
12.948576000000001
12.6411392
12.8983198
12.912424399999999
12.876
12.927984099999998
12.8830303
12.6044749
12.74624
13.0
12.9319937
12.856
12.892992
12.84
12.486231700000001
12.86
12.86
12.856
12.732000000000001
12.856
12.750857900000002
12.9064445
12.856
12.6087869
13.0
12.856
12.880985599999999
12.8046138
13.0
12.856
12.876
12.540799999999999
12.876
12.768451299999999
12.6451852
12.6528059
12.7529758
12.856
12.856
12.7875028
12.641251299999999
12.6561922
12.694528
12.868302800000002
12.712
12.9390646
12.505568
12.7163136
12.6383353
12.395785799999999
12.5141669
12.552888099999997
12.491333899999999
12.4790091
12.4291938
12.4958403
12.5962381
12.6003576
12.3700333
12.802432800000002
12.7115076
12.678988399999998
12.6908038
12.4220277
12.7469227
12.7564368
12.759124400000001
12.901995999999999
12.581453900000001
12.807489
12.9004368
12.5953908
12.4375416
12.8014077
12.6970141
12.660226
12.650859999999998
12.8012928
12.4391975
12.661714000000002
12.5264035
12.624750800000001
12.58048
12.438397199999999
12.654399100000001
12.811247900000001
12.9128998
12.837215
12.432991999999999
12.716
13.0
12.9091479
12.9080105
12.915414799999999
12.62384
12.695124499999999
13.0
12.786561999999998
12.8048074
12.9436984
12.561175800000001
12.876
12.716
12.6389961
13.0
12.862553600000002
12.75104
12.811072
12.9128998
12.716
12.8162609
12.89696
12.876
12.7029926
13.0
13.0
12.9047885
12.7703936
13.0
12.86
13.0
13.0
12.856
12.6374336
12.87904
12.856
12.856
12.86
13.0
13.0
12.7369856
12.9047885
12.735353599999998
12.87904
13.0
13.0
12.759411700000001
13.0
12.864192000000001
12.703992000000001
12.856
12.7495936
12.5808
12.90784
13.0
12.8721873
12.612985600000002
12.856000000000002
12.571999999999997
12.568000000000001
12.712
12.463040000000001
12.52784
12.212800000000001
12.511912200000001
12.64288
12.7955294
12.740800000000002
12.568000000000001
12.8065308
12.760788499999999
12.384354100000003
12.722240000000001
12.863040000000002
12.80416
12.6360256
12.648630800000001
12.856
12.76384
12.7688998
12.408
12.5671872
12.3678308
12.527638099999999
12.292947199999999
12.6844721
12.639830800000002
12.7703936
12.454248999999997
12.4670767
12.7798308
12.890550799999998
12.6020644
12.8382244
12.702416399999999
12.8382244
12.739209999999998
12.503492399999995
12.762055199999999
12.608618
12.694224400000001
12.923830800000001
12.5764616
12.494432300000001
12.5385467
12.723024400000002
12.639097300000001
12.433040600000002
12.612618
12.495103799999999
12.544740299999999
12.447551299999997
12.396825199999999
12.3434579
12.4707654
12.376196799999997
12.699867499999993
12.5838561
12.444856200000004
12.573587599999998
12.315586600000001
12.6281142
12.552014
12.606109700000001
12.4918364
12.580772499999998
12.494679299999998
12.568009699999998
12.467830299999997
12.666317900000001
12.564381899999999
12.382497299999997
12.6429143
12.490411699999996
12.493109599999999
12.651999700000001
12.1747093
12.1266742
12.221772300000003
12.282474200000001
12.261029099999998
12.207230599999997
12.102055599999998
12.1079579
12.0989825
12.397902899999998
12.397286499999998
12.1589833
12.078166699999999
12.218298400000002
12.301196099999997
12.3258159
12.365042400000002
12.678308099999999
12.653874599999996
12.5285706
12.775221399999998
12.6602912
12.551254900000002
12.6834397
12.493355900000001
12.7226831
12.826187699999998
12.588286499999999
12.9248794
12.840463499999998
12.8205465
12.744023
12.7482132
12.644332499999997
12.6782169
12.4944697
12.780538799999999
12.5253388
12.690791099999998
12.801283799999998
12.7544614
12.593004
12.7462694
12.530097900000001
12.746269400000001
12.8925477
12.686295
12.764921999999999
12.8902694
12.3743014
12.623063
12.776
12.6253094
12.746269400000001
12.771636699999998
12.876
12.769252999999999
12.932779500000002
12.856
12.830177200000001
12.864192000000001
12.9015592
12.88624
12.7408
13.0
13.0
13.0
13.0
12.7688998
12.556
13.0
12.893784599999998
12.6481229
13.0
12.5805386
12.8999272
13.0
12.87904
12.8848
12.856
12.7710285
12.6577568
13.0
12.856
12.899545600000001
12.568
12.856
12.759231999999999
12.929756099999999
12.86
12.716
12.772032
12.856
12.7791705
12.6288998
12.712
12.712
12.763794699999998
12.668521400000001
12.712
12.856
12.742240000000002
12.856
12.711999999999998
12.607032000000002
12.747231999999999
12.639840000000001
12.856
12.754319799999998
12.876
12.735353600000002
12.5198285
12.84
12.8947091
12.653792
12.892992
12.876983599999999
12.8848
12.9242214
13.0
13.0
12.8848
12.833570300000002
12.9428538
12.691759999999999
12.6925566
12.7243863
13.0
12.870239999999999
12.926846500000002
13.0
12.7920228
12.9047885
13.0
12.6129856
12.856
12.7569856
12.856
12.8334963
12.876
13.0
12.8996749
12.716
13.0
12.8848
13.0
12.750432
12.7219091
13.0
12.7754176
12.83696
12.728483099999998
12.7656998
12.6746635
12.908982799999999
12.7569856
12.892992
13.0
13.0
12.8688
13.0
12.8048844
12.5774713
12.9186559
12.8112128
12.6936959
12.7946559
12.7888959
12.8136959
12.7996159
12.5290879
12.9064243
12.497983999999999
12.9186559
12.5500331
12.8176723
12.675639499999999
12.8728
12.951723
12.784422099999999
12.7248
12.7248
12.7754176
13.0
12.8898559
12.886229499999999
12.8798878
12.9040246
13.0
12.6024228
12.813773099999999
12.9147623
13.0
12.7875817
12.8990164
12.8848
12.934924599999999
12.934924599999999
12.8079474
12.926788799999999
12.819923699999999
12.555022
12.821353199999999
12.7257856
12.740536200000001
12.7951237
12.811588799999999
12.796001999999998
12.6471237
12.7911237
12.8386718
12.8737546
12.7079483
12.5346288
12.662235299999999
12.495153700000001
12.8378342
12.778585600000001
12.5483561
12.5370607
12.445722
12.6793354
12.5316187
12.663356899999998
12.452499899999998
12.6303701
12.669349299999999
12.8983198
12.856
12.8243179
12.9252459
12.8036076
12.9288965
12.6358499
12.8100459
12.7356165
12.8990164
12.9288965
12.829882099999999
12.8990164
12.9288965
12.9288965
12.6927365
12.8990164
12.7347883
12.7848965
12.856
12.90784
12.8688
13.0
12.856
12.9128998
12.9037399
12.923830800000001
12.92
12.882553600000001
12.79408
12.6680926
12.572000000000001
12.859367200000001
12.592
12.876
12.856
13.0
12.856
12.900985599999998
12.915414799999999
12.800002
12.7627738
12.668354100000002
13.0
12.964960000000001
12.80672
12.792031999999999
12.502630399999997
12.693506799999998
12.758707199999998
12.765269499999999
12.6558295
12.665226299999999
12.9015869
12.9188184
13.0
13.0
12.880985599999999
12.770477799999998
12.6938045
12.7569856
12.946124600000001
12.716983599999999
12.633359800000001
12.5847869
12.856000000000002
12.732000000000001
12.7408
12.8983198
12.856
12.7778
12.856
13.0
13.0
12.856
13.0
12.7708714
13.0
