20.4
20.6
20.4
21.0
20.4
20.1052631
20.02
20.02
19.8
20.6
19.8
19.1052631
19.6
19.2947369
19.2
19.236
18.9052631
18.9894738
18.9894738
18.6947369
18.3894738
18.284210700000003
17.8842107
17.7894738
17.1147369
17.2622107
17.0736845
16.7789476
16.8642107
17.3884214
16.2947369
15.9894738
15.798947600000002
15.266210499999998
15.0642107
14.864210700000001
14.8
14.9894738
14.9172738
14.6738007
14.2
14.494736899999998
14.4947369
13.505263100000002
13.38
13.485263100000003
13.549473800000001
12.894736899999998
12.3507369
12.38
12.1694738
11.920210699999998
11.1147369
11.470936900000002
11.254736900000001
11.74
11.38
10.96
11.18
10.58
10.8947369
10.58
10.78
10.6947369
10.76
10.894736899999998
10.6947369
10.456
10.4
10.2
10.6
10.2
10.58
11.0547369
10.2
10.389473800000001
10.8452631
10.4747369
10.6947369
10.6452631
10.6
10.7562
10.2
10.9459779
10.2
10.6
10.4747369
10.2
10.98
10.4
10.8947369
11.18
10.58
10.96
10.4747369
10.5694738
10.789473800000001
10.474736899999998
10.6367369
10.474736899999998
10.094736900000001
10.2747369
10.18
11.0747369
10.0
10.389473800000001
10.19262
10.2947369
10.4747369
10.4
10.4947369
10.5261993
10.094736900000001
10.2
10.0
10.2
10.2
10.2947369
10.094736900000001
10.2
10.2947369
10.2927369
10.4
10.4
10.454736899999999
10.389473800000001
10.540947599999999
10.1894738
10.389473800000001
10.369473800000002
10.8547369
10.2454738
10.616736900000001
10.2747369
10.1894738
10.094736900000001
10.094736900000001
10.7694738
10.189473799999998
10.7694738
10.684210700000001
11.094736900000001
10.2209362
10.2947369
10.2947369
10.294736899999998
10.5789476
10.389473800000001
10.769473799999998
10.189473799999998
10.7694738
10.694736899999999
10.6547369
10.664210699999998
10.389473800000001
10.755451700000002
10.389473800000001
10.589473799999999
10.189473799999998
10.5894738
10.4842107
10.664210699999998
10.389473800000001
10.589473799999999
10.369473799999998
10.582093799999997
10.589473799999999
10.2842107
10.369473799999998
10.5894738
10.9494738
10.7694738
10.54
10.18
10.58
10.18
10.4747369
10.4747369
10.259778599999999
10.0
10.777999999999999
10.38
10.4009362
10.58
10.0
10.56
10.74
10.2747369
10.4747369
10.56
11.32
10.378
10.465263100000001
10.7694738
10.56
10.38
10.369473800000002
10.18
10.4
10.76
10.6
10.8
10.4
10.4947369
10.38
10.2
10.2947369
10.0
10.4
10.0
10.18
10.18
10.0
10.2
10.38
10.4
10.76
10.2652631
10.0
10.4747369
10.38
10.6
10.4
10.094736900000001
10.18
10.2947369
10.4947369
10.38
10.8807148
10.94
10.74
10.92
10.92
10.56
10.4747369
10.56
10.18
10.6547369
10.56
10.572619999999999
10.58
10.56
10.18
10.18
10.2
10.2
10.2947369
10.1894738
10.2209362
10.4
10.4
10.4947369
10.18
10.58
10.98
10.58
10.6
10.4
10.58
10.4
10.38
10.4947369
10.2
10.18
10.0
10.0
10.58
10.436736900000001
10.620936200000001
10.094736900000001
10.389473799999998
10.3609474
10.758947599999997
10.378947599999998
10.5609474
10.778947599999999
10.378947599999998
10.464210699999999
10.758947599999999
10.589473799999999
10.464210699999999
10.578947600000001
10.778947599999999
10.578947600000001
10.568421399999998
10.761883799999998
11.170409999999997
10.552969699999998
10.644210699999999
10.778947599999999
10.876830699999998
10.549473800000001
10.97041
10.664210699999998
10.758947599999997
10.304210699999999
10.8736845
11.100947399999997
10.4069141
10.284210700000001
10.674736899999997
10.094736900000001
10.1714736
10.4747369
10.8565265
10.6597786
10.0597786
10.5145155
10.542
10.18
10.0
10.2
10.0
10.0
10.218
10.2
10.218
10.0
10.2
10.094736900000001
10.18
10.5213031
10.1962
10.18
10.2
10.4181565
10.18
10.246420699999998
10.3276
10.294736899999998
10.517133
10.294736899999998
10.372022099999999
10.2652631
10.36
10.1507369
10.4
10.6105264
10.2
10.58
10.2
10.78
10.2
10.4
10.4
10.6218
10.6947369
10.4
10.5261993
10.78
10.655999999999999
10.418
11.0039779
11.18
11.18
11.2
10.8
10.8
10.6
10.5261993
10.4
10.22
10.4
10.5061993
10.58
10.3261993
10.4747369
10.0
10.38
10.175122
10.0
10.18
10.4452631
10.4205369
10.0
10.2
10.2
10.6347369
10.0
10.02
10.4
10.2
10.38
10.0
10.171473599999999
10.342
10.0
10.36
10.0
10.2
10.0
10.336022100000001
10.342
10.2852631
10.4747369
10.017999999999999
10.02
10.0
10.0
10.4
10.5147369
10.2
10.4888168
10.0
10.38
10.162
10.218
10.4547369
10.1894738
10.74
10.162
10.0504
10.0
10.1162231
10.2
10.2
10.017999999999999
10.056000000000001
10.36
10.56
10.0
10.0
10.094736900000001
10.2323408
10.2397786
10.2
10.4907369
10.4747369
10.22
10.456736900000001
10.294736899999998
10.389473800000001
10.369473799999998
10.1894738
10.674736899999997
10.1894738
10.1052631
10.0
10.1998
10.0
10.722000000000001
10.0852631
10.18
10.085263099999999
10.180000000000001
10.588420700000002
10.337661700000002
10.3316838
10.588420700000002
10.312841400000002
10.151683799999999
10.0852631
10.085263099999999
10.36
10.6315027
10.456736900000001
10.094736900000001
10.342
10.38
10.4138007
10.2747369
10.702
10.56
10.36
10.2747369
10.36
10.56
10.54
10.18
10.7439031
10.198
10.18
10.2927369
10.36
10.36
10.616947099999999
10.18
10.605940599999998
10.4452631
10.2652631
10.419778599999999
10.18
10.6262105
10.4747369
10.198
10.3258
10.38
10.18
10.56
10.937999999999999
10.463263099999999
10.6856592
10.2927369
10.425473800000002
10.054
10.654000000000002
10.252
10.072000000000001
10.272000000000002
10.346736900000002
10.252000000000002
10.234000000000002
10.216000000000001
10.1818
10.017999999999999
10.0777786
10.8167369
10.36
10.56
10.0
10.218
10.094736900000001
10.4747369
10.9817786
10.2
10.0
10.2852631
10.094736900000001
10.42
10.3450417
10.542
10.2947369
10.58
10.6
10.76
11.2
10.8632631
10.58
10.58
10.56
10.58
10.58
11.0547369
10.94
10.4
10.76
11.128950300000001
11.1182
11.16
11.0147369
10.576199999999998
10.3894736
10.999778599999999
10.58
10.36
10.36162
11.298200000000001
10.36
10.56
11.270936900000002
10.669900599999998
10.882
11.157820000000001
10.9797786
10.8148531
11.4597169
11.14
10.9362
10.94
10.74
10.76
10.6367369
11.0037565
10.9813986
10.94162
10.76
10.853579300000002
10.6347369
10.92
10.56
10.6304
10.94
10.576199999999998
10.72
11.0256238
10.72
10.9
10.72
10.7562
10.834736900000001
10.522
10.54
10.5023993
10.2747369
10.576199999999998
10.394200000000001
10.74
10.54
10.6861993
10.578
10.56
10.738
10.937999999999999
10.56162
11.2410611
10.56
11.40498
10.54
10.54
10.76
10.56
10.767662399999999
10.36
10.2
10.36
10.36
10.02
10.665263099999999
10.094736900000001
10.18
10.18
10.2
11.16
10.18
10.2
10.0
10.1962
10.5050417
10.4728882
10.2
10.0
10.18
10.0
10.2
10.362
10.665263099999999
10.2
10.22
10.6
10.325263099999999
10.78
10.165263099999999
10.7167369
10.3
10.626199300000001
10.462
10.583053099999999
10.258
10.498
10.1
10.5127369
10.04
10.58
10.437999999999999
10.4294738
10.1052631
10.54
10.2
10.162
10.3859779
10.22
10.2
10.18
10.38
10.2
10.6547369
10.0
10.24878
10.2
10.317778600000002
10.2
10.0
10.2
10.18
10.3261993
10.2
10.259778599999999
10.4911717
10.1052631
10.076
10.218
10.398000000000001
10.2
10.22
10.409473600000002
10.292200000000001
10.330736900000002
10.038
10.1044207
10.1831315
10.6851586
10.2947369
10.33122
10.238
10.1147369
10.06
10.0781565
10.02
10.2
10.2
10.660221400000001
10.2747369
10.38
10.38
10.6452631
11.14
10.7461993
10.38
10.2
10.4852631
10.2
10.76
10.5241993
10.8452631
10.5347215
10.6816872
10.437999999999999
10.9109503
10.5889503
10.3889503
10.18
10.38
10.522
10.660552400000002
10.259778599999999
10.6986775
10.75262
10.5261993
10.3356731
10.453414400000002
10.3481513
10.7694624
10.1983993
10.432398599999999
10.712177200000001
10.3121772
10.3321772
10.4253173
10.3659779
10.306199300000001
10.4103162
10.437999999999999
10.02
10.2797786
10.22
10.6452631
10.18
10.38
10.5728349
10.02
10.18
10.02
10.1052631
10.0
10.18
10.8147369
11.1672631
10.653579299999999
11.416515500000001
10.948316199999999
11.2155793
10.979400300000002
10.673579299999998
10.584516199999998
10.76
10.8753579
10.7562
10.904000000000002
10.6539786
10.688936899999998
10.248399999999998
10.911473800000001
10.474736899999998
10.903198
10.4225162
10.6025162
11.243053099999997
10.533663099999998
10.7904
11.390617499999998
11.0709369
11.2155793
11.1766523
10.928936899999998
11.019336899999999
11.320496200000001
11.230199299999999
10.6407072
10.976864800000001
10.6314624
10.8681993
10.484210699999998
10.5061993
10.8643993
10.701999999999998
11.046199300000001
10.850537599999997
11.122396100000001
11.1397786
10.92
10.736199999999998
11.004105500000001
11.11078
11.2593586
11.102
11.314086199999998
11.1455502
11.6208424
10.942
10.825263099999999
10.4747369
10.5052631
10.2901993
10.63058
10.736199999999998
10.891579299999998
10.5241993
10.8377572
10.5382
10.6751496
10.582994
10.9698175
11.0518371
11.208114799999999
10.9796
10.9885986
11.008598600000001
11.1749369
11.029716200000001
10.4861993
10.8982
10.650936900000001
10.576199999999998
10.7914624
10.6861993
10.6786207
10.580936200000002
10.965662400000001
10.5039014
10.856736900000001
10.704
10.6634196
10.616
10.9494624
11.0147369
10.6661993
10.255999999999998
10.4452631
10.7967369
10.907848199999998
11.3003338
10.74
10.9872631
10.942331300000001
10.937999999999999
11.3302113
10.56
10.36
10.6347369
10.7627638
10.9767369
10.4495027
10.486199300000001
10.2397786
10.473898799999999
10.38
10.376199999999999
10.345799999999999
10.94
10.22
10.0
10.8385369
10.72742
10.236
10.36
10.4747369
10.9738007
10.056000000000001
10.7459779
10.530526199999999
10.162
10.74
10.6572514
10.94
11.110526199999999
10.6597786
10.364239600000001
10.2274738
10.3533579
10.7032631
10.76
10.2
10.2162
10.776939299999999
10.2904
10.936736900000001
10.745263099999999
11.6563779
10.594736900000001
10.52
10.800799999999999
11.5547369
10.9767369
11.3462644
10.904239599999999
11.515536900000003
10.936200000000001
11.2409593
10.9
11.170399999999999
10.951764700000002
10.88
10.6008
10.3904
10.776
10.489116200000002
10.7099586
11.572379300000001
11.124200700000001
10.9576631
11.5906214
10.9104
11.001263100000001
10.7652631
10.985136900000002
10.9285287
10.99778
10.679873800000001
10.991137900000002
10.768003900000002
10.998
10.9207148
10.488400000000002
10.437999999999999
10.62
11.111579299999999
10.714736899999998
10.885516899999997
10.8918331
10.4048021
10.7255169
10.9284114
10.9083162
10.5202538
10.5765369
10.689622399999998
10.638
10.8852631
10.1969793
10.3461993
10.6567369
10.8185804
10.7620973
11.354759
10.880318299999999
10.893716199999998
11.0099572
10.5390962
10.998714799999998
11.1062642
10.658936199999998
11.1354262
11.322294800000002
11.142834800000001
10.975146699999998
11.459349099999999
11.4162574
12.069307900000002
11.9678649
11.3176335
12.3279779
11.476505299999996
11.6367212
11.517055799999998
12.021923799999998
11.699963599999998
11.8857253
12.032362000000001
11.839409100000003
11.859652199999998
12.0587403
11.449873399999996
11.724221299999996
11.4318914
11.542723199999998
11.940477699999997
11.809509299999997
11.385851499999996
10.9376555
11.365470599999998
11.0659412
11.847909
11.830342299999998
11.485262100000002
12.7252092
11.943572299999996
12.129844499999999
12.372737799999998
12.446119500000002
12.382954199999999
12.590954899999996
11.6027909
11.6898077
11.1664173
11.794885299999999
11.384306699999998
11.8144788
11.377244799999996
11.2301624
10.8912276
11.444941100000001
11.2559707
10.752833800000001
10.8810962
10.760253800000001
10.528413099999998
10.7030531
10.807412399999999
10.5138331
10.7286988
10.6148338
10.844210700000001
10.909473799999999
10.776833799999999
10.986225899999999
10.633897999999999
10.6002538
11.0738331
10.6881356
10.4566653
10.594022500000001
10.549516899999999
10.6584348
10.7006929
10.420096899999999
10.41614
10.445516899999998
10.505360000000001
10.6209393
10.2335793
10.7179814
10.45614
10.16
10.3051386
10.453960000000002
10.16
10.9117193
10.405263099999999
10.61072
10.547106699999999
10.5555793
10.6110014
10.265799999999999
10.5760431
10.539306400000001
10.2971619
10.8265767
10.287106699999999
10.425956000000001
10.1347369
10.24
10.105360000000001
10.2904
10.508823499999998
10.15756
10.3471369
10.221458
10.333579300000002
10.2975595
10.6710788
10.5072631
10.61278
10.62
10.46
10.490779999999999
10.693800700000002
10.800465200000001
10.44
10.5771328
10.24
10.441999999999998
10.24
10.33318
10.0
10.378
10.0
10.35658
10.671241
10.4
10.22
10.418
10.416199999999998
10.562000000000001
10.74
10.7056577
10.2
10.1347369
10.433800699999999
10.309316899999999
10.4158007
10.38
10.2852631
10.3681786
10.448420700000002
10.396599300000002
10.6567369
10.398
10.58
10.218
10.9145155
10.6504
10.4852631
10.5749583
10.368778299999999
10.342
10.578
10.094736900000001
10.565673799999999
10.7152894
10.4747369
10.3052631
10.7380014
10.499063799999998
10.085263099999999
10.2567369
10.579023999999999
10.8461993
10.4397786
10.56
10.6739786
11.0485376
10.9007583
10.18
10.953800700000002
10.18
10.38
10.6110631
10.342
10.1147369
10.1471369
10.580158599999999
10.746681200000001
10.342
10.525799999999998
10.3380969
10.309780700000001
10.3306231
10.3981565
10.371019200000001
10.3171328
10.06336
10.2971607
10.638318300000002
10.243360000000001
10.6705376
11.003339
10.477160699999999
10.36
10.2282439
10.886875999999999
11.122338300000001
10.911413600000001
11.3928143
11.3360729
11.5008962
11.308676700000001
11.3265343
11.6965708
11.8747859
11.598710300000002
12.033075900000002
11.4882087
11.949655200000002
11.585968900000001
11.7038165
11.9564104
11.2432008
11.558386
11.9899448
11.9278219
11.6995312
11.3722327
11.6802136
11.4060736
12.209026900000001
11.9268814
11.4799028
11.5955414
11.3367369
11.53794
11.1320021
10.839447599999998
10.9922729
11.097999999999999
10.657160699999999
10.8182231
10.827601399999999
10.9051333
10.8991367
10.834736900000001
10.794272900000001
10.947049000000002
10.953118300000002
11.0944753
10.8402214
11.185137400000004
10.6502729
10.537536
10.591336700000001
11.082452
11.288774499999999
10.9010932
10.54
11.1114336
10.4855169
10.735736000000001
10.8001314
11.138272899999999
11.041536
10.791336700000002
11.0711143
10.9449155
10.768872700000001
10.8893728
11.16
10.8286513
10.717536
10.8655169
10.9512877
10.537536
10.6535793
11.097536
11.126966099999999
10.8122729
10.510936899999999
10.6804107
11.2710745
10.4579412
10.274736899999999
10.2927369
10.310936900000002
10.274736899999999
10.2747369
10.3762364
10.246420699999998
10.36
10.31122
10.973462399999999
10.550933500000001
10.20162
10.659379300000001
10.5261993
10.457778600000001
10.4162157
10.3258
10.7416007
10.8138007
10.822202400000002
10.4397786
10.601778599999998
10.56
10.198
10.366361999999999
10.459888000000001
10.4405526
10.433800699999999
10.38
10.413800700000001
10.7817786
10.587003399999999
10.793800699999998
10.6197786
10.4138007
11.0678
10.36
10.9259779
10.8155793
10.477160699999999
10.5258157
10.40536
11.0451386
10.632200000000001
10.522
10.2971607
10.702
10.413800700000001
11.1987162
10.9590348
10.92
10.833579299999998
10.722000000000001
10.8602214
10.5997786
10.342
10.54
10.2
10.8062214
10.18
10.342
10.2
10.0
10.8138007
10.18
10.0
10.0
10.0
10.4104207
10.6833034
10.4998431
10.08336
10.7479779
10.24
10.04
10.244286299999999
10.4038157
10.495023999999999
10.2486619
10.5192494
10.562000000000001
10.22
10.0
10.259778599999999
10.620177899999998
10.8074487
10.679663300000001
10.1612631
10.765578600000001
10.576200000000002
10.2
10.6805215
10.38
10.540599299999998
10.250399999999999
10.3935386
10.2747369
10.297223100000002
10.342
10.22536
10.0
10.2
10.0
10.362
10.0
10.362
10.5493093
10.447159999999998
10.764536900000001
11.205488799999998
10.24716
10.306938599999999
10.4542375
10.898315499999999
10.841814599999998
10.828097600000001
10.7489423
10.528936899999998
10.6789765
10.631869699999998
10.9756697
10.796109299999998
10.9464374
10.976852399999999
11.0616221
10.517132799999999
10.8924792
10.465670399999999
10.8496
10.3258
10.5280396
10.299132800000002
10.4235786
10.36
10.0
10.2475996
10.276841399999999
10.18
10.3801565
10.1458
10.2
10.407012700000001
10.0
10.2338007
10.0
10.3875163
10.2
10.0
10.18
10.0
10.0
10.18
10.50742
10.362
10.259778599999999
10.526239599999998
10.0
10.18
10.2
10.2747369
10.4346396
10.18
10.542
10.18
10.18
10.22716
10.36
10.18
10.246420699999998
10.3376261
10.184239600000002
10.36
10.56
10.18
10.38
10.2927369
10.18
10.184239600000002
10.198
10.36
10.260721600000002
10.18
10.18
10.38
10.18
10.18
10.1842396
10.686184800000001
10.184239600000002
10.5775963
10.18
10.342
10.36
10.2747369
10.604239600000001
10.525799999999998
10.278976499999999
10.18
10.184239600000002
10.18
10.4077565
10.38
10.3404934
10.362
10.18
10.332369800000002
10.6002287
10.56
10.565977899999998
10.722000000000001
10.522
10.36
10.2
10.2852631
10.4264207
10.2747369
10.522
10.18
10.36
10.479689899999999
10.1842396
10.36
10.0
10.0
10.14742
10.18
10.0
10.2162
10.2
10.0
10.162
10.2
10.0
10.0
10.419778599999999
10.342
10.0
10.2652631
10.342
10.0
10.364239600000001
10.18
10.0
10.2
10.3904207
10.094736900000001
10.18
10.36
10.056000000000001
10.58
10.447106699999999
10.4
10.4
10.436
10.742
10.56
10.2
10.362
10.2471067
10.542
10.562000000000001
10.4947369
10.2
10.2
10.0
10.2
10.017999999999999
10.0
10.0
10.36
10.0162
10.0
10.428420699999998
10.1264
10.2
10.0
10.6372852
10.290936899999998
10.1953576
10.38
10.141896899999999
10.0947369
10.094736900000001
10.4652631
10.2842107
10.38
10.463473800000001
10.4274738
10.483263099999999
10.3868563
10.5085376
10.369473800000002
10.598736899999999
10.6071067
10.369473800000002
10.644210699999999
10.44136
10.6818969
10.4747369
10.702
10.369473800000002
10.753063099999999
10.4907369
10.7967369
10.998631399999999
10.668936899999999
10.824210699999998
11.210736900000002
11.615713399999999
11.496947599999999
11.458947599999998
12.0709676
12.231994299999998
11.994469899999997
12.455384699999998
11.9013765
12.1667323
12.677494300000001
12.6898639
12.389020699999998
12.0861374
11.9724838
11.645136900000002
11.7680276
11.928495000000003
12.470904500000001
12.513865
12.567374200000003
12.4681157
12.899567999999997
13.062097300000003
13.4851702
13.154524799999999
13.489910700000003
13.1377413
14.4015166
13.225148299999999
12.996947999999993
13.379384199999999
13.509194799999998
12.943263000000004
13.535262399999997
13.868233199999999
14.711156899999999
13.4944758
14.689964199999999
13.999412799999993
14.820980599999999
14.349626499999994
13.6071732
14.2298932
13.885539600000001
13.5740546
13.913388199999996
13.333307600000001
13.527534299999997
13.858336
13.841296
13.241832500000001
13.304275300000006
12.982767499999998
12.955514300000004
12.9820405
13.489638499999998
13.1188137
12.943261099999994
12.5899136
13.342207999999996
12.6247567
12.2908637
12.833167000000003
12.837332799999999
13.144252799999999
13.200441399999997
13.5331139
13.296097200000002
13.212669999999996
13.317455999999998
12.998633199999997
13.351947000000003
13.443473000000001
13.723479800000007
13.314484899999998
13.115609800000009
14.013137700000005
13.4524348
13.731324000000011
14.067254400000003
13.641243800000005
13.656761000000008
13.394267900000004
13.303155100000001
13.826711200000009
13.267111600000003
13.508503300000005
13.968942400000003
14.242992300000004
13.949932600000002
13.824504200000002
13.9250318
13.969726300000005
14.319384700000008
14.064089000000008
14.632461700000004
14.69226410000001
14.377684500000008
14.65515700000001
14.798749000000008
13.907545700000004
14.310061000000005
14.60766460000001
14.567457300000006
14.228138299999996
14.057133800000006
14.0923641
14.535527600000005
13.880248400000006
14.069956900000006
14.300405100000008
14.310689300000009
14.504106500000004
14.645335400000011
14.499389600000008
14.097163500000006
13.479199900000003
14.265628599999998
14.847909600000007
14.49498890000001
14.138538100000005
13.564273200000004
13.6748843
13.437759000000003
14.005760100000005
13.794367900000006
13.702043000000012
14.11521390000001
13.703927300000005
13.557537
13.871391800000001
13.875044300000006
14.019319300000014
14.114771000000005
14.518437600000011
14.446084000000006
14.689949500000006
14.672833000000018
14.639347200000008
14.81853790000001
15.145223700000017
15.181125900000008
14.655278700000007
14.852518100000013
15.020387700000015
14.657451900000003
14.561547900000015
14.744200100000011
14.955442800000007
15.135054500000013
15.253873800000006
15.869138300000014
15.46798950000001
16.12188620000002
16.158201100000024
15.940411300000019
15.516358200000019
16.342318400000025
16.59251840000002
16.727619900000025
16.443453300000023
16.647266300000016
16.29437600000002
16.110991900000016
16.061758300000015
16.05861190000002
15.711127300000014
15.784400300000016
15.573042400000018
15.663581000000015
15.542587300000001
15.889453200000021
15.349967300000001
15.262085300000013
15.38356880000001
15.351253100000008
14.964698899999998
15.250378100000008
15.417443200000012
15.47240150000001
15.35377030000001
14.788163400000009
15.46306950000001
15.085546600000017
15.659704000000001
15.161089700000014
15.426916800000017
15.35594520000001
15.5531678
15.413979500000009
14.869569000000011
14.482345900000006
14.1046226
14.158326300000008
14.002369200000008
13.853947900000012
13.74787350000001
13.758318600000006
14.035285700000001
13.855010000000016
13.987337200000011
14.305558600000015
14.210362300000009
14.236004700000008
14.074319600000003
14.074072800000009
14.25088510000001
14.070503400000009
13.993800600000002
13.963514200000006
14.003767800000006
13.798990000000009
13.930120299999999
13.816543100000004
14.021592900000005
14.366702800000017
14.01735930000001
13.975580700000002
14.33638620000001
13.86105420000001
13.37376600000001
13.498031000000003
13.094004200000011
13.074972700000014
13.459726600000005
13.71070400000001
13.737178500000006
13.925589400000005
13.902933200000007
14.073045600000007
13.723869500000005
13.476691400000016
13.460569800000014
13.58679280000001
13.149804900000014
12.734629300000005
12.809728300000007
13.007612000000009
12.93441880000001
12.822513700000009
12.881554400000011
13.146691900000013
13.093346700000007
13.531411300000011
13.00739920000001
13.005638800000009
13.107555700000008
12.706845500000002
12.839456300000005
12.8039099
12.922165900000007
13.080674800000006
13.234357500000009
13.08281950000001
13.327503000000004
13.575750500000009
14.168646500000005
14.251790500000006
14.072483000000013
14.44050310000001
14.252165400000008
14.23686300000001
14.586599200000006
14.336192600000006
14.654560400000014
14.482084300000018
14.113928100000017
13.928485400000016
13.570697700000013
13.991560200000007
13.667531500000004
14.161978000000008
13.787739800000013
13.742033300000003
13.443646200000014
13.214118000000006
13.558441100000012
13.429856100000013
13.44168350000001
13.181772
13.116182800000008
13.542351600000007
13.415456400000009
13.05140560000001
13.210971600000004
13.169518300000009
13.259951200000012
12.786577900000012
12.577083000000009
12.492498900000005
11.847931600000013
12.065448300000007
11.894743900000005
12.291677500000002
12.226931000000002
11.879838000000012
11.963346100000008
11.809753300000011
11.440594600000011
11.505177800000013
11.828728000000005
12.053405200000016
12.437970200000013
12.210518600000006
12.264081300000008
12.196039000000003
12.109258300000015
11.954824100000007
12.306845600000006
12.301895300000007
12.351861200000009
12.456446100000012
12.272468300000007
12.224225900000004
12.510211500000008
12.190944400000005
12.678521500000006
12.493086400000013
12.20851980000001
12.264280300000006
12.617216000000012
12.934170100000006
12.857466100000009
12.534806100000003
12.882654200000012
13.217844300000008
12.976660000000006
12.778249800000008
13.136045500000012
13.093665500000009
13.576222500000005
12.9289415
13.236960700000012
13.454101000000005
13.062585500000012
13.341767000000011
13.179552800000003
13.153491000000013
12.777490900000005
13.223938100000009
13.11665920000001
13.057903800000012
12.76411280000001
12.749552900000008
12.616848100000004
12.813889900000007
12.677161800000007
12.616874000000006
13.083530500000013
12.747503200000006
12.464472700000009
12.478290600000014
12.37634990000001
12.641531300000008
12.968720400000002
12.849774500000008
12.647185100000012
12.905934600000013
12.465692300000002
12.581574900000007
13.10263590000001
12.988175000000005
13.036106700000007
13.196180100000014
13.248398600000007
12.79693780000001
12.87835220000001
12.572978700000006
12.76233030000001
12.952852000000007
12.878856300000011
12.634691500000008
12.483784500000008
12.439589000000003
12.385893000000005
12.299262800000006
11.879772600000006
12.135409900000004
12.169547300000003
12.11584110000001
12.307519500000005
11.901599600000003
11.63647310000001
12.518377800000005
12.766918600000007
12.298105700000002
12.764687700000009
12.438872300000012
12.44995760000001
12.108841700000006
11.993477100000007
12.210757800000012
12.104674000000005
11.651073400000003
11.502903900000003
11.335533300000002
11.72557740000001
11.625532300000009
11.652750400000008
11.860789000000011
11.65968060000001
11.390224000000005
11.515146500000006
11.677764300000005
11.434557000000007
11.395162800000003
11.237193700000004
11.414593300000003
11.721803500000005
11.657621800000001
11.535712100000003
11.374417100000002
11.586681100000003
11.487742000000008
11.410866900000006
11.409600600000006
11.513548300000004
11.402918400000006
11.315166600000003
11.631462400000006
11.346494600000003
11.675681799999998
11.5253628
11.645424100000005
11.4776816
11.686014100000007
11.787648400000002
11.536401400000004
11.296570500000003
11.045703000000003
11.659451200000003
11.473771500000005
11.1507661
11.283657400000006
10.945207100000003
11.142234300000002
11.018915200000004
11.160234300000003
10.768410700000002
11.061452100000004
10.881452099999999
10.836935900000006
10.705356600000002
10.691276700000003
10.765893300000007
10.849052100000005
10.707589500000006
10.561894300000008
10.749258400000004
10.531473800000008
10.840050900000001
10.567778300000004
10.594308900000005
10.625776400000005
10.774031700000005
10.764093500000001
10.752926700000005
10.5789369
10.826734899999998
10.661578300000004
10.501736900000003
10.709261100000003
10.576619700000002
10.439236300000006
10.328736900000003
10.363077700000003
10.633052100000004
10.573462100000004
10.701592900000003
10.7958923
10.872831400000003
10.7816845
10.870524300000005
10.956038200000002
10.909066700000004
10.9834253
11.167080799999999
10.907103000000005
10.901678400000002
10.8185193
10.766725899999997
10.728621200000003
10.750525900000003
10.737006300000003
10.885503000000002
11.018840700000004
11.268339499999998
11.178664800000004
10.8774991
11.0227768
10.937895000000005
11.104127899999996
11.1341839
11.069650499999998
11.032253399999997
11.079157900000006
10.996946600000001
10.883868700000003
11.0233572
10.946542100000002
10.976779100000003
11.183700700000005
11.195190100000001
10.928621000000007
11.141305
10.888821000000005
11.324989900000002
10.885243900000003
11.324307000000003
11.548199600000002
11.411553000000001
11.240105100000001
11.298306699999998
11.136464300000002
11.060641500000004
10.787331800000004
10.753132000000003
10.5589476
10.719273000000003
10.684947600000001
10.486947600000002
10.578921300000001
10.641473800000002
10.390410500000003
10.527684299999999
10.4974738
10.5636841
10.3514738
10.4084105
10.4774738
10.468947400000001
10.596404899999998
10.752289400000002
10.5276845
10.5276845
10.432947599999999
10.6129476
10.432947599999999
10.4329476
10.483105700000001
10.3202107
10.4351758
10.3022107
10.367673799999999
10.1894738
10.234199999999998
10.2842107
10.189473799999998
10.284210700000001
10.1894738
10.207473799999997
10.2842107
10.3147367
10.223673799999998
10.284210700000001
10.300410699999997
10.207473799999999
10.2
10.313176599999998
10.1894738
10.1289369
10.1894738
10.1894738
10.396947599999999
10.3184107
10.3418195
10.2842107
10.2283844
10.1894738
10.1894738
10.189473799999998
10.2492524
10.1894738
10.194184400000001
10.094736900000001
10.0
10.0
10.18
10.0895028
10.0
10.24536
10.1650417
10.0
10.0
10.0
10.0722
10.0
10.0
10.0
10.0
10.0
10.02
10.0
10.2904973
10.02
10.0
10.0
10.0
10.0
10.0
10.047106699999999
10.0
10.0
10.1360431
10.094736900000001
10.0
10.0
10.017999999999999
10.0
10.0
10.0162
10.094736900000001
10.0
10.085263099999999
10.0
10.0
10.0
10.017999999999999
10.0162
10.1638
10.085263099999999
10.0
10.0
10.1962
10.0
10.0
10.0
10.306697300000002
10.0162
10.0664207
10.038
10.0
10.0
10.0
10.085263099999999
10.0895028
10.017999999999999
10.094736900000001
10.0597786
10.0162
10.1135793
10.0
10.22
10.1252631
10.0
10.0
10.18
10.0597786
10.0
10.0
10.112791099999999
10.0
10.0
10.017999999999999
10.02
10.094736900000001
10.0
10.1052631
10.0
10.18
10.18
10.1052631
10.126199300000001
10.0
10.18
10.0
10.126199300000001
10.2
10.1818
10.2217786
10.0895027
10.162
10.094736900000001
10.4425524
10.4
10.0722
10.0
10.02
10.0
10.18
10.0
10.1032631
10.0
10.0818474
10.0895028
10.0
10.0
10.038
10.0
10.436
10.02
10.418
10.0
10.0
10.094736900000001
10.0664207
10.02
10.1052631
10.0
10.0
10.038
10.3450417
10.02
10.0
10.048779999999999
10.0
10.1052631
10.038
10.0935181
10.0542
10.1432631
10.1774631
10.1432631
10.294
10.253463100000001
10.199263100000001
10.132
10.1992631
10.1992631
10.2192631
10.190000000000003
10.219263100000001
10.432726200000001
10.385463099999999
10.4420016
10.4147262
10.2802
10.2802
10.301023999999998
10.3240431
10.242199999999999
10.523954199999999
10.2564
10.363462399999998
10.2222
10.296199300000003
10.168
10.441160300000002
10.1282
10.312000000000001
10.15
10.33
10.114
10.187999999999999
10.5897503
10.4482
10.753999999999998
10.415331799999999
10.2602
10.2602
10.244000000000002
10.3209503
10.1482
10.056
10.075999999999999
10.0722
10.038
10.1838
10.056000000000001
10.056
10.124780000000001
10.2266304
10.076
10.112200000000001
10.169999999999998
10.075999999999999
10.056000000000001
10.056
10.1926436
10.038
10.056
10.056000000000001
10.295077999999998
10.096
10.056000000000001
10.056
10.272440499999998
10.328200000000002
10.168
10.222199999999997
10.379131799999998
10.272599999999997
10.168
10.184199999999999
10.310979199999998
10.579365899999997
10.254779999999997
10.3497986
10.223999999999998
10.2004
10.184199999999999
10.2764
10.19698
10.23678
10.295803999999999
10.342043099999996
10.346979999999999
10.270979999999998
10.380891799999999
10.338774599999997
10.2313115
10.2219006
10.529458599999998
10.327614599999999
10.2666255
10.348689399999998
10.267994599999998
10.240310100000002
10.2219118
10.302422700000001
10.422620699999998
10.207978599999999
10.398912500000002
10.211778599999999
10.197122700000001
10.3771227
10.3243413
10.187711800000002
10.1917786
10.233122700000001
10.2361739
10.331711800000003
10.355032700000002
10.245690399999999
10.2154138
10.354101999999997
10.1917786
10.1917786
10.349302699999999
10.211559999999999
10.056000000000001
10.151024
10.056
10.199141599999999
10.146199999999999
10.110199999999999
10.164340799999998
10.2611895
10.0
10.0
10.0
10.0
10.0
10.2
10.061686700000001
10.0
10.0
10.0922
10.2338432
10.2231503
10.1451369
10.094302
10.0884
10.050400000000002
10.0884
10.0846
10.070400000000001
10.050400000000002
10.0504
10.0884
10.1008
10.109224000000001
10.0342
10.050400000000002
10.2370159
10.09918
10.09576
10.208526200000001
10.074682000000001
10.0342
10.0
10.0
10.0
10.1497807
10.094
10.02
10.01458
10.0504
10.0
10.074
10.0
10.0
10.3836869
10.2976071
10.039559500000001
10.0
10.04536
10.0
10.0
10.0
10.0
10.0595595
10.4436201
10.0884
10.0
10.0
10.0880007
10.0
10.0342
10.238
10.068779999999999
10.0
10.1915779
10.0
10.0
10.04878
10.0
10.0
10.0
10.128824700000001
10.0
10.125424
10.0
10.0162
10.0
10.0
10.0504
10.017999999999999
10.02
10.0
10.0
10.0
10.1095028
10.056000000000001
10.0342
10.043902000000001
10.2
10.2652631
10.0
10.0
10.0
10.0
10.0
10.0
10.09956
10.0826207
10.056000000000001
10.128554000000001
10.0
10.0
10.2947369
10.0
10.0
10.017999999999999
10.0
10.0
10.038
10.0
10.0
10.0
10.0342
10.2
10.4654007
10.3271151
10.474
10.326400000000001
10.652421400000003
10.290653700000002
10.302766500000002
10.570976100000001
10.314
10.314
10.352
10.288000000000002
10.248000000000001
10.266000000000004
10.466000000000003
10.468000000000002
10.484200000000001
10.420936900000001
10.508400000000002
10.826620700000003
10.7422
10.6144
10.815224
10.488000000000001
10.522200000000003
10.5042
10.526000000000003
10.526000000000002
10.590340600000001
10.308000000000002
10.623902000000003
10.602000000000002
10.442000000000002
10.516736900000003
10.467702000000005
10.582780000000005
10.643363000000004
10.554000000000004
10.6081993
11.0129248
10.662000000000003
10.759558500000004
10.76678
10.876340800000003
10.702
10.717131800000002
10.751636700000004
10.696000000000003
10.900800000000006
10.454340800000002
10.474000000000006
10.6415585
10.326000000000004
10.362000000000002
10.342000000000002
10.56
10.426440500000004
10.467952300000002
10.348535400000001
10.2847304
10.3339523
10.3519523
10.2690236
10.5123928
10.301603599999998
10.2814236
10.2987565
10.2039118
10.171511800000001
10.2526405
10.2793225
10.1155118
10.2744405
10.2146405
10.230248699999999
10.038
10.038
10.34478
10.0542
10.079408800000001
10.1135793
10.038
10.3070631
10.0
10.234200000000001
10.0
10.1015144
10.017999999999999
10.0
10.0
10.0
10.038
10.0
10.0
10.1446973
10.1328932
10.0
10.112
10.094736900000001
10.0
10.0
10.0
10.038
10.0
10.0664207
10.0
10.0
10.0
10.0
10.0
10.03078
10.076
10.1289637
10.1222007
10.052200000000001
10.095082
10.09918
10.234200000000001
10.1916773
10.068399999999999
10.174555400000001
10.425936900000002
10.349200000000002
10.569168300000001
10.4176
11.0007327
10.758357200000004
10.5637554
10.9328218
10.919668100000003
10.734104800000004
10.8759109
11.610286700000001
10.7279779
10.752090899999999
10.747
10.297200000000002
10.841736900000003
11.071000000000002
10.752788100000002
10.644400000000001
11.063628900000001
11.0310421
10.805989500000003
11.294621800000002
11.384399200000002
11.023510900000002
11.1226909
10.822893200000003
11.153716900000001
11.4497777
11.265217000000002
10.81738
10.997731400000003
10.792601800000007
10.378200000000003
10.482257799999998
10.3402
10.782888800000002
10.495113200000002
11.084911600000003
10.9557991
11.3188413
11.236012
11.192656100000004
10.949668599999997
10.754023899999998
11.262061200000003
11.240141000000001
11.662417500000002
11.293388600000005
11.097831999999999
11.640959400000003
11.6104041
11.1528037
11.594023600000003
10.970354000000004
11.190015400000002
11.3804459
10.878755899999998
11.161593700000005
11.133490900000002
11.516623600000003
11.525508199999999
11.154335000000001
10.991110900000002
11.5772717
11.646845900000008
11.95035170000001
11.378110900000006
12.018068600000007
11.922181100000005
11.6167119
11.858976300000004
11.4566388
11.662932500000004
11.556495
11.633590500000004
11.581161400000006
11.373610500000002
11.43160180000001
12.029894500000005
12.080389600000006
11.646724500000007
11.441450500000006
12.521280900000004
11.2790114
11.420092700000003
11.766010300000005
12.020810500000003
11.767770100000002
11.840356300000003
11.452417000000002
11.783328500000007
11.742790800000002
11.491428200000003
11.3016176
10.897737300000001
11.662409100000001
11.215761400000002
11.188735000000003
11.311248200000005
11.3350912
11.774100199999998
12.187914800000003
12.34763160000001
12.875689200000005
12.720372500000003
12.0081781
12.2562048
11.822574700000004
12.0275857
11.311907900000003
11.736983400000002
11.6157348
11.1638677
11.0290241
11.193767300000001
11.0828342
11.6255202
11.802756800000004
11.387636000000002
11.2279125
11.509448700000002
11.393584
11.292955
11.6821555
11.494583700000003
11.645433500000001
11.2272406
11.380192100000004
10.974776300000004
11.346255900000003
11.642340200000003
11.392384000000002
11.426404000000002
12.013405500000006
11.428415700000002
11.622306799999999
11.672224100000001
11.032501000000002
11.4060771
11.079681000000004
11.388604000000004
11.792693200000004
11.605705000000007
11.526853500000009
11.536817800000003
11.024902000000003
11.101101000000003
11.472466000000002
10.988781999999999
11.232304
11.155043600000004
11.305408000000005
11.204505000000005
11.387887100000002
10.784667200000007
10.8855543
10.772118400000004
10.734103000000003
10.804386900000004
10.869840200000004
10.8859581
10.822900800000003
10.826026000000002
10.571122
11.369726000000004
11.417075100000003
10.849226200000002
11.809886200000003
10.963051900000005
11.1197441
11.947373900000004
12.207404300000002
12.317791500000004
12.617489400000009
13.358834700000006
11.909473300000002
13.126168000000005
12.194500300000001
12.356099000000002
11.617672800000003
12.223407700000003
13.173470900000002
12.383294300000003
12.5783929
11.965627900000005
11.657760100000004
11.999931500000008
12.373744200000006
12.778331500000006
11.6072859
11.583523600000005
11.679969700000006
11.314796900000006
11.065770700000007
11.358177400000002
11.409214800000004
11.619836800000005
11.759177300000006
11.370110300000006
11.234826000000005
11.5293603
11.431152600000004
11.500170000000004
12.149367300000003
11.363382000000001
12.237089300000003
11.922679300000004
12.072115400000003
11.932314200000006
12.317060100000006
11.670625000000005
11.962305000000008
12.164083600000009
11.720164000000004
11.803825000000007
12.161237900000005
12.058295800000003
12.420400800000008
12.782152100000008
12.332027000000005
12.680887000000006
12.899228300000006
12.82090470000001
12.7524729
12.658615900000006
12.817137500000007
12.589375400000002
12.897831200000011
12.718825300000002
12.645775900000004
12.948710400000003
13.061806800000005
12.920156200000008
12.755121100000006
12.488485300000004
12.598826700000007
12.788329700000004
12.745708300000008
12.395646900000004
12.718271600000007
13.100326500000005
12.806053100000007
13.074558400000003
12.645304300000005
12.8193801
12.945814500000004
12.552575500000005
12.903246200000005
12.919943000000005
13.374328100000008
13.12645040000001
13.17586740000001
13.116970900000007
13.290243900000014
13.445433600000008
13.149490900000004
13.306207900000006
13.435343100000003
13.59112710000001
13.799905000000006
13.727099999999993
13.919450000000007
13.699320400000008
13.950827600000007
14.040448700000008
13.371789200000006
13.9239838
14.167160300000004
13.392925200000006
13.92421380000001
13.875565100000008
14.223252800000006
14.381589800000008
13.938564100000002
14.29771040000001
14.1734384
13.683185500000006
13.876860100000005
14.051412500000005
13.3864372
13.9241688
14.656491700000013
13.982573200000004
13.524902900000006
13.748642100000005
12.770757100000004
12.834356300000001
13.284643400000009
13.625987000000004
13.845877700000006
13.071195600000003
13.288518900000003
14.225834500000003
13.751131900000003
14.549012100000004
14.148196400000003
13.485692200000006
14.387506
15.011760600000004
15.082368200000003
14.263294400000001
14.257755500000009
15.496341999999997
14.585493700000011
14.2823327
13.990014700000007
14.857783200000007
13.626419300000011
14.313678000000005
14.741682400000004
14.731561100000004
14.959649600000008
15.053861300000005
14.608352
14.889588100000003
14.309132
14.250828899999998
15.190473400000004
14.8161028
14.809584700000002
14.411756200000005
14.7589099
14.501489400000002
15.313833900000004
15.207614799999998
15.030867900000006
15.256315500000003
15.5781224
15.098457100000003
14.704000200000003
14.524390700000001
15.269218200000001
14.127405299999998
14.511770800000004
14.670340199999996
15.7472145
14.887356400000002
14.953229900000002
15.267698600000001
15.371182600000004
15.431293800000002
15.185039699999997
14.692663499999998
13.601466499999997
15.406027799999999
15.418069300000003
14.961388000000001
14.556597999999997
15.597534500000004
15.133793800000003
15.3163081
14.1759104
14.381311
15.401842299999998
15.169440900000001
15.4000847
14.801590600000003
15.160901599999999
14.8159414
14.985025599999997
15.112333699999999
15.502850800000001
15.541409399999997
14.9749352
16.002191
15.031302999999994
15.826601199999997
15.732249200000002
14.7176066
15.681300699999998
16.3498974
16.1054547
14.7612267
15.0069134
15.126077299999995
15.659427499999998
15.726588999999997
15.432204400000003
16.184850599999997
14.899563999999998
15.386694099999994
15.492468999999996
15.894081799999999
15.625706100000002
16.034083100000004
14.737620499999998
16.7003995
15.390117799999999
16.7007873
15.551059700000001
15.7432015
15.6014988
14.6717968
16.1624326
15.062628100000001
15.876259499999998
14.850561
15.4579775
13.962348000000002
15.9067213
14.7104828
14.995977500000002
15.669402999999999
16.094197
16.020314499999998
14.871585600000001
16.0477656
14.8589614
14.762080599999999
15.0658747
15.617820399999998
16.252912399999996
15.017148900000002
15.215301099999998
14.535342200000002
15.120755999999998
15.046625499999998
15.746444299999997
16.029785199999996
16.484832299999997
15.353785799999994
15.506233599999996
15.465016299999991
14.710703199999998
16.427462599999995
15.333336499999998
15.8092076
15.1918657
15.42239249999999
15.034480500000003
14.067200699999999
15.622761799999994
15.724543499999996
16.1471837
14.7185714
15.5481892
14.392515099999999
15.967022599999998
15.293074199999994
14.5112648
15.665129
14.5663698
15.632167499999998
14.747980999999998
15.661173499999995
15.326515299999999
14.289489099999996
14.748189399999996
14.453583799999999
14.373744899999998
14.645846199999996
14.477516400000003
14.618750599999997
14.958129600000001
15.091676099999997
15.117778600000001
15.320568299999996
15.0144904
14.5734942
14.324280499999997
14.363011799999999
14.271266599999995
13.6204126
14.2922681
15.015254800000001
15.2996108
14.836841799999995
14.373939400000001
15.029437399999992
14.648007999999995
14.475286099999995
14.562761200000002
14.023551899999996
15.168102199999996
14.961266100000003
13.881566799999998
14.356375299999995
14.413228999999994
14.173346099999998
13.864830399999999
14.345161399999997
14.209267199999998
14.076964899999993
13.4567854
14.123007099999997
13.761925399999997
13.694923399999999
13.7754146
13.816716999999997
13.253031899999995
12.994286299999999
13.392869899999996
13.805811799999997
13.0986419
13.370466900000004
13.740234399999997
13.549232
13.9251624
13.8120994
13.158079199999996
14.093061799999994
12.9873309
14.282623699999993
13.619414999999996
13.953539299999997
14.087135199999999
13.676836799999998
13.046202700000002
13.222363399999999
13.918001299999997
13.4742006
13.334567200000002
14.130773899999994
14.425653100000003
14.433634399999992
14.407909600000004
14.253931099999999
13.354313800000002
13.886220299999998
14.995936899999997
14.453138399999998
13.943319100000005
12.810049600000003
13.5344097
14.104176199999994
13.7733515
14.0396256
12.8571254
13.755357400000001
13.409123900000003
13.438391399999999
13.479562900000003
13.371485999999996
13.924326699999996
14.035950299999998
13.287969599999991
14.121416099999987
13.947640199999993
13.9697808
14.222387999999999
13.8344873
14.170823
13.9587381
14.015126399999994
14.107547699999998
14.0296356
13.832914799999996
13.833305300000006
14.432105799999997
13.967788200000005
14.1361301
14.6138106
15.170808099999999
13.9356873
13.7569841
14.646754499999997
14.774349499999998
15.1651811
15.694893200000003
14.861504500000008
14.783234700000005
13.971271700000004
14.393233300000004
14.298748400000001
14.113706200000001
14.073099800000001
14.571763899999993
14.451951100000004
14.257992900000009
13.820242100000007
14.622805700000004
14.5503779
14.208020999999995
14.4620618
14.332282099999997
14.292426500000007
14.705746899999998
14.999588199999996
15.351992599999996
14.927478000000008
14.993184
14.135875200000001
14.601574699999999
14.934855300000006
13.711892299999997
13.971320800000006
14.297472300000003
14.328126200000003
14.699423700000002
15.003816100000005
14.900247300000004
15.175849100000004
14.788939200000007
15.186561499999996
14.675231200000002
14.2897881
14.828369200000003
14.831033799999998
14.8981282
14.394655199999997
14.481214399999999
14.463784799999999
14.231139300000004
13.965038000000002
14.120001500000003
13.745632800000003
13.921479800000002
13.622600099999998
14.3994073
14.634941599999998
14.580202699999996
14.4627757
14.201229500000002
14.30669360000001
14.962890099999997
14.622674899999994
14.765299300000004
14.361928199999998
14.823414900000007
14.936616700000007
15.060640600000005
15.484826000000004
15.6812224
15.39005720000001
16.146775100000003
15.5633643
16.662183600000002
16.930500900000013
17.165568899999993
16.104845499999996
16.369699800000014
16.654186100000004
15.926310399999995
17.168513399999995
17.013795900000005
17.266009799999996
17.287421199999997
17.463052300000008
17.443492100000004
17.401084499999993
18.0317407
18.55907500000001
18.0470458
17.548691999999996
17.775341299999994
17.9148174
18.028098300000014
17.438735200000007
17.2088664
17.7009015
17.587992700000004
17.704161600000006
17.419634000000002
17.948434400000007
17.57520460000001
18.127739900000005
18.314382100000003
18.0981312
18.7592527
18.4799674
18.375158600000006
17.527641100000004
18.582815200000006
19.2449737
18.528047400000005
19.163264300000012
18.92501420000001
18.788147000000002
18.364261400000007
18.620998100000012
18.370309400000004
19.412231500000008
18.739289800000005
18.415702400000008
18.2987735
18.202453900000005
17.856638800000006
17.603770000000008
18.649149599999998
17.608549400000005
17.411737900000002
17.3574198
18.2420321
18.155378300000002
18.449347700000004
18.397348700000002
18.752762600000008
18.5833149
18.744570999999997
18.721918700000003
19.075915800000008
18.5073855
18.602345700000004
18.876059500000007
18.911639100000006
18.5163901
18.415886699999998
18.995165099999994
19.252189500000004
19.5227255
18.9048174
18.871090199999998
18.673637799999998
18.881027399999997
19.056689999999996
19.22197080000001
19.2170458
18.893046899999998
18.986890799999994
18.7384943
19.1787486
19.592361299999993
19.902101000000005
19.4252121
19.874525300000002
19.814872300000008
20.034054500000003
19.955871
19.9969832
20.220821700000005
20.753698900000014
20.316760300000002
20.72190150000001
20.67677090000001
20.919689700000013
20.84902260000001
20.699681000000005
20.771454100000007
20.790767400000004
20.52171120000001
20.92339580000001
20.985990900000004
20.808086700000008
21.257879600000006
20.73522260000001
20.9743385
21.072662500000007
21.023526600000014
21.078285400000006
21.433900999999995
21.211310700000013
21.621982600000013
21.738574200000006
21.746207100000014
21.848513400000005
21.57016270000001
21.695386400000007
21.957796400000007
21.790363900000006
22.056809600000012
22.006198400000013
21.577817700000015
21.924840000000017
22.029993800000007
22.006891900000014
22.391179100000016
21.985945700000006
22.25206380000001
22.16330300000001
21.964375000000008
21.82191140000001
21.762168600000013
21.78112310000001
21.683273300000014
21.82488700000001
21.619514000000002
21.594209400000008
21.272742400000006
21.58816450000001
21.447114400000004
21.470657800000012
21.664386900000007
21.634893900000005
21.34275530000001
21.556431500000002
21.179198800000005
21.632364000000006
21.390111000000005
21.660543700000012
21.085264300000016
21.435173400000007
21.39318790000001
21.613900900000008
21.505536800000012
21.676713800000005
21.62669070000001
21.576499700000014
21.946789800000012
21.70559980000001
21.644613200000002
21.922274800000014
22.024338900000007
21.850565700000008
21.88710000000001
22.016639200000004
21.91282710000001
22.048178300000007
21.707500200000013
22.20033090000002
21.905272000000004
22.162224500000008
21.934699500000015
21.836381700000015
21.832970200000013
22.12339570000001
22.004157600000006
22.25612690000001
22.14579960000001
22.08205020000001
22.355696500000004
21.927923600000018
22.362798400000003
22.25087160000001
22.201198200000007
22.21031360000001
21.97781820000002
22.201882700000013
21.91788040000001
22.159490900000016
22.070982800000007
22.152085900000007
22.089136700000008
22.21689130000001
22.294977900000003
21.885431400000005
22.06666560000001
22.047535100000015
22.217514300000012
21.936379800000005
22.050490200000013
22.24647450000001
22.208486000000008
22.240447700000008
22.156641300000004
22.168482300000015
22.189141800000012
22.053250800000004
21.944671100000015
21.72188140000001
22.252580900000016
22.033727900000013
22.218732400000004
22.058907000000012
22.078274700000016
22.038767300000014
22.035360400000005
22.186970200000005
22.101919800000008
21.83564930000001
22.022108000000003
22.0921595
21.91136370000001
21.9725409
21.981507900000008
22.00337720000001
22.146718
22.18123290000001
22.162269500000022
22.205548000000007
22.255760400000003
22.084285700000013
22.340876100000006
22.24650020000001
22.417666000000008
22.18733160000001
22.460367400000006
22.137418200000006
22.462189700000003
22.322081700000002
22.353991600000008
22.520801000000006
22.34672830000001
22.294292600000013
22.309929500000006
22.449021100000003
22.112612100000007
22.276796200000017
22.368504200000007
21.94819900000001
22.23778860000001
22.458770300000005
22.359435500000004
22.383324600000005
22.38174810000001
22.30141280000001
22.396236700000003
22.321578000000002
22.17336470000001
22.398318900000007
22.313664600000006
22.374074300000007
22.26868700000001
22.25210060000001
22.263744000000006
22.429319700000015
22.384443900000004
22.360773100000007
22.35953440000001
22.38679040000001
22.44253910000001
22.38068960000001
22.406829400000007
22.42820940000001
22.34747550000001
22.405446500000007
22.30635240000001
22.43843530000001
22.545839600000008
22.562359300000008
22.72649070000001
22.619930000000007
22.23411200000001
22.35003680000001
22.518128400000005
22.534781600000006
22.547842200000005
22.38578380000001
22.542324100000005
22.60663290000001
22.453822500000012
22.464100500000008
22.484953000000004
22.45140300000001
22.54744410000001
22.62758790000001
22.133496900000008
22.139551600000008
22.23507830000001
21.385345400000006
22.620897100000008
22.317330800000015
22.04562210000001
22.506910500000007
22.783475300000006
22.616979200000014
22.69105910000001
22.554761300000013
22.5335287
22.51452590000001
22.337514500000008
22.449244200000006
22.418242200000005
22.604908500000008
22.357827900000007
22.335995900000007
22.204608400000012
22.26086850000001
22.607108300000004
22.398857100000008
22.379721100000005
22.02409910000001
22.33233660000001
22.119771600000014
22.113507700000014
22.248568900000013
22.189017800000006
21.958862300000007
22.366460000000007
22.263238400000013
22.296192200000004
22.254976600000013
22.364677300000004
22.47903170000001
22.275897500000006
22.046448700000006
22.40692770000001
22.165066000000007
22.348213900000005
21.836990100000016
22.057273700000014
21.74357360000002
22.108353500000003
21.766366800000014
21.878328200000006
22.05632870000001
21.90924560000001
22.129184000000006
22.339761200000016
22.21945030000001
21.685642200000007
21.960430900000016
22.142883800000007
22.188581900000003
22.448923700000012
22.42834290000001
22.03615520000001
22.56662530000001
22.293875100000005
22.350889000000006
22.35149720000001
22.154793200000018
22.271512400000006
22.304773400000002
22.162814200000017
22.258689000000007
22.02626810000001
22.09099020000001
22.323092700000007
22.130194500000005
22.296354700000016
21.92922520000001
21.39599290000001
21.829342300000018
21.697290900000016
21.560554300000017
21.250035300000015
20.889206700000017
21.022838500000017
20.68896570000002
20.94745600000001
20.827006300000015
20.969147400000026
20.50599860000002
20.95102930000002
20.870361200000016
21.082221200000017
20.311427700000014
20.44139170000002
20.716935600000024
21.675694800000016
21.111658100000017
21.26735580000002
21.238621600000016
20.698690100000018
21.341658300000013
20.978777800000017
21.242528600000018
21.648782300000015
21.533692500000015
21.307707900000015
20.61139750000002
21.227811300000017
20.42825710000002
21.269918300000015
20.861425500000013
21.128653300000018
21.242195600000013
21.16124780000001
21.025602700000007
20.39528040000002
20.41268260000002
20.23710420000002
20.235364600000022
20.75952910000002
20.62957350000002
20.47044830000002
20.779106900000016
20.42937170000002
19.890444600000013
20.638387900000016
20.63826470000002
19.962200500000016
20.474397500000013
20.329281600000012
20.408901200000017
20.228173800000018
19.811574400000012
20.623328700000016
20.809968100000013
20.424272200000015
19.536448900000018
19.60727260000001
19.900601800000015
19.269055500000015
19.254566900000007
19.917329900000013
19.209632000000013
19.04431890000001
19.178586100000008
19.295902100000017
19.349120500000012
18.82626560000001
18.455559500000014
19.323148600000017
19.31952620000001
18.48537480000001
18.21532600000001
19.21572210000001
18.84176840000001
18.13482700000001
17.887963000000006
18.07450930000001
17.175806200000007
17.614178100000007
18.434062300000004
17.87928620000001
18.768783600000013
17.78988960000001
18.461755000000018
18.489863500000013
17.805348100000007
18.676429200000012
19.31185590000002
18.921496300000012
18.842877600000012
19.214343400000015
18.965412800000014
18.844529200000014
18.798685800000012
19.118636900000016
18.856071800000013
19.519011000000013
18.98682420000001
18.52326240000001
19.400197300000013
18.49182660000001
18.623486200000013
19.16013230000001
19.180241200000015
19.685770800000014
19.23675700000002
19.283969300000013
19.640543200000018
19.202139800000015
19.42540370000001
19.64276960000002
20.31432830000002
20.746548300000022
20.383443900000017
19.910183800000016
20.338068000000018
20.070304900000018
20.36260890000002
20.024770800000017
19.614917400000014
19.62335200000002
20.01690180000002
20.353222100000018
20.874729300000027
19.887245800000017
20.980060300000027
21.283113000000018
21.23991040000002
20.295032400000014
21.026249100000022
20.720388100000015
21.128226600000016
20.782027300000017
20.79498500000002
20.529201700000023
20.136155200000015
20.459447400000016
19.935489000000015
19.486115300000016
20.125590000000017
20.24481940000002
20.623568100000025
20.66256260000002
20.192099800000015
20.45441720000002
20.353150900000017
20.053477800000017
20.27287280000002
19.60799910000002
20.442394800000017
20.42086290000002
21.058285300000016
20.81540780000002
21.036627300000028
20.60094770000002
20.31114160000002
20.37665090000002
20.84357430000002
21.256848700000027
20.48523310000002
20.88717600000002
20.678202200000023
21.395310900000027
20.970652600000022
21.52738700000002
21.059265400000022
21.822133200000017
20.798188100000015
21.487076100000014
21.890389700000014
21.06822430000002
21.99758830000002
21.093421300000017
21.194035700000015
21.72654680000001
21.680142200000013
21.70863170000002
21.733153800000018
21.886300700000014
21.201305100000013
21.213843800000017
21.377921900000015
21.422143400000014
21.58651730000001
21.826455900000013
21.682848600000014
21.825469900000012
21.726279500000015
22.064279600000013
21.815571400000014
22.31883180000001
22.392550500000016
22.330186500000003
22.055631300000012
21.880285000000008
22.02420300000001
21.94035690000002
22.11099630000001
22.029659300000013
21.99476500000001
22.288256700000016
21.999448300000008
21.923274400000015
21.816866200000018
22.054157600000018
21.729624500000018
21.935499500000013
21.931782600000016
21.934226100000025
22.232462300000016
22.135528599999997
22.466759700000008
22.15002710000001
22.383537000000004
22.454167500000008
22.063367900000003
22.27750660000001
22.163315500000014
22.005170900000017
22.2681229
22.039237200000002
21.812776900000006
22.073435000000007
21.89103130000002
22.262985699999994
21.82376090000001
21.68964960000001
21.724522800000003
22.08798660000001
21.776639100000008
21.88321100000001
21.794502300000005
21.68514600000001
22.0586194
22.07404060000002
22.064851600000008
22.248976000000006
22.3808259
22.03658280000001
22.203569500000008
22.44461420000001
22.242120100000008
22.371445600000015
22.325044100000014
22.275476100000013
22.526033800000015
22.13889710000001
22.312680500000006
22.16295950000002
22.320319000000005
21.98717270000001
21.869825700000007
22.103477100000013
22.323395600000012
22.3567493
22.337091400000006
22.24192770000001
22.01796840000002
22.32988160000001
22.372887500000015
22.112509600000013
22.138734000000003
22.14299610000001
22.32634420000001
21.933499200000014
22.047498000000004
22.04339840000002
21.866326300000022
22.15648030000001
22.16878860000002
22.198662500000008
22.111265700000004
22.44625700000001
22.47355440000001
22.212019500000014
22.392836500000012
22.310009000000004
22.211903700000022
21.810087400000015
21.584376800000005
22.21686730000001
22.01841480000003
22.086941500000016
21.728173700000024
22.095695600000013
22.171574700000015
21.694241600000012
21.916586600000024
21.797818200000016
21.72277240000002
21.742028100000017
22.177424600000023
21.928077500000008
21.943156600000023
21.862154100000012
21.423212800000005
21.23846100000002
21.74510430000001
21.824852700000005
21.474431900000013
21.85186030000001
21.699674500000018
21.778036600000014
21.549878600000014
21.90714540000001
21.714624100000016
22.114707900000003
21.207952800000008
21.699801800000017
21.452543500000004
21.66357250000002
21.508626500000002
21.429575700000008
21.165674200000016
21.093059900000007
21.210090000000015
21.289865400000018
21.80247900000001
21.151819900000014
20.92876090000001
21.175018500000014
21.45924889999999
21.542100200000018
21.529372600000016
20.955302800000013
21.599873599999995
21.83405350000001
21.6439719
21.434512199999993
21.5282625
21.038709499999996
20.827180900000013
21.596030400000007
21.224106099999993
20.8258384
20.787747300000014
21.231578499999998
21.315924199999998
19.637320200000005
20.891452100000002
20.138515000000012
20.2286614
20.245095600000003
21.294637600000005
20.628653800000006
21.167273100000006
20.98538330000002
21.138474300000016
20.7761888
20.611342799999992
20.400840000000006
20.421931999999998
20.009197800000006
20.70423130000001
20.344648500000016
20.332322900000012
21.1555267
20.92445160000001
20.631347100000017
20.904037499999994
20.805132900000007
21.297239599999997
20.726080600000003
20.636431500000004
21.207212500000004
21.204762200000015
20.503004500000007
21.119915100000004
20.35091030000001
21.27268550000001
20.366538000000006
20.860918399999996
20.516814200000002
20.82230540000001
20.301957899999998
20.716168600000017
20.416162200000002
20.450040200000014
20.455878900000016
21.084691200000012
20.766018200000005
21.156750100000007
21.130776100000006
20.45392640000001
20.77362829999999
20.73642120000001
20.757718800000003
20.124392800000003
20.68200850000002
20.7546451
20.949479299999997
20.565995800000007
20.283384100000006
20.239912300000004
19.711512400000007
20.899799300000005
20.197659899999998
20.5569786
20.364890800000005
20.353383200000003
20.32923860000001
20.4768308
20.124486099999995
20.242799199999986
20.174084800000003
20.664716500000008
20.2640551
20.109873699999994
20.405824099999997
19.788636699999998
19.959653699999993
20.382317100000005
19.8407321
19.847834999999993
20.093266200000002
19.851377199999998
19.712723199999996
19.893230899999992
19.157819899999996
20.1247442
19.700295900000008
19.549962600000004
19.507263499999993
19.554702899999995
19.726946499999993
19.440930399999992
19.503673199999998
19.201170599999998
19.150745999999977
19.395690499999983
19.13986809999999
19.31940979999999
19.44470199999998
18.634128999999987
19.179029799999988
18.77474059999998
18.541718799999988
18.635227599999986
18.691873999999984
18.206383999999993
18.43266129999999
18.13808869999999
18.160484499999992
18.256901399999986
18.6425976
18.32107819999999
18.67961289999999
18.451299299999988
18.61627049999999
18.703576299999995
18.759942399999986
18.293926000000003
18.7644591
18.282254799999997
18.1151846
18.317012099999996
18.4116092
18.061611799999994
18.100277800000004
17.852448300000006
17.952029700000004
17.937602700000003
17.8992137
18.0230107
17.589607400000002
17.549709299999993
17.859052599999995
18.1057988
18.364792200000004
17.8823713
18.075179199999997
18.413819799999995
18.137237600000006
18.255532500000005
18.577992200000004
18.202136800000012
18.66558510000001
18.481351800000006
18.377507299999998
18.517994200000008
18.252983200000006
19.1700796
18.897316500000006
19.21023310000001
18.542561100000004
18.492627100000007
18.25404640000001
18.758707700000016
18.994324300000006
18.456145100000004
18.4206314
18.675242900000004
18.247638900000013
18.606286500000007
18.055365300000002
18.6470075
18.509433600000015
18.77057640000001
17.869150700000013
18.84570190000001
18.716548000000003
19.07313020000001
18.768524800000012
18.80164210000001
19.40169780000001
19.502210700000013
18.726694000000013
19.209410300000012
19.822233900000004
19.206843000000006
18.542499900000013
18.97795040000002
20.00297550000002
20.03420960000001
19.41179930000002
19.877873500000018
19.550699200000018
19.83824690000001
19.72049660000002
19.561545100000018
20.241394400000015
20.103901300000015
19.91654840000001
19.923809000000016
19.419289000000013
20.153986500000013
20.35048150000002
19.98686000000002
20.10371280000002
20.40999820000001
20.054354600000014
20.072840300000014
20.000006300000013
19.97638350000001
19.36203710000001
19.532846700000007
19.36173220000002
19.85502920000001
20.104635300000016
20.47403050000001
19.96948790000002
20.451743400000012
19.99052570000001
19.763643100000014
19.884088000000013
20.03267800000002
20.210109200000012
19.522373300000016
20.032658100000017
20.323421400000015
20.384430400000007
19.508719000000013
20.446818200000017
20.30650170000001
19.90358580000001
20.044346100000013
19.863034200000016
19.79544020000001
19.85961850000001
19.725797800000006
20.32692780000001
19.831860300000006
20.441637600000014
20.128645700000014
20.194254500000014
20.533828200000013
20.785533800000007
20.987522800000015
20.670266900000016
20.291524400000007
19.90618280000001
20.560740500000016
20.26989230000001
20.077670900000005
20.017632100000018
20.539060700000018
20.029875800000003
20.30687790000001
20.131749900000017
20.191231000000016
19.40917200000001
20.30557450000001
20.026720100000013
19.849589400000017
19.81032290000001
20.124528300000016
20.102294800000013
20.679149500000022
20.36608810000001
20.539667300000016
20.554666900000015
20.427045400000022
20.82390480000002
21.222050500000012
20.426562500000017
21.10727920000001
21.020887000000016
20.76449230000002
20.413395600000015
21.209738900000016
21.202188400000015
20.78284860000002
20.954512400000013
20.959148500000016
21.782818200000015
21.822829500000022
21.784326600000018
21.829719200000017
22.075076500000012
21.843352300000024
22.271962700000014
21.922498200000014
22.13016470000002
22.041942600000016
21.59165270000002
21.84331770000001
21.816169700000025
22.20014560000002
22.131003900000017
22.348947200000026
21.960416400000014
22.070713400000017
22.28671420000002
22.09993940000002
22.224593600000016
22.382459100000023
22.27448270000002
22.629131600000022
22.193085900000018
22.421160500000024
22.40588630000002
22.83828520000001
22.478485700000025
22.682818400000027
22.584544700000016
22.819935400000016
22.85115630000002
22.71507410000002
22.772810400000022
22.50902730000002
22.54701930000002
22.69272710000002
22.47669620000002
22.537580300000027
22.74246050000002
22.70864530000001
22.725160900000013
22.58550720000002
22.36570190000002
22.45886390000002
22.682351400000016
22.352499200000015
22.491173700000022
22.392338600000013
22.638433200000012
22.20652150000002
22.769681400000017
22.80950830000002
22.776419800000017
22.869217900000027
22.64606470000002
22.578526100000012
22.407813000000015
22.593601900000017
22.28598270000002
22.59066770000002
23.112132000000017
22.935816400000018
22.766946900000015
22.734838500000023
22.92775730000002
23.350539000000023
23.08449700000002
23.043054300000016
22.86159300000002
23.105143100000028
23.32037030000002
23.30940070000002
23.106111000000023
23.14038360000003
23.34920550000002
23.19080430000002
23.481273600000023
23.176171200000017
23.443064100000026
23.231707800000024
23.44759550000002
23.416336900000022
23.35956870000002
23.40267210000002
23.623755900000024
23.614005400000025
23.57817910000002
23.576169800000024
23.55292790000002
23.433398800000024
23.439939300000027
23.649428500000027
23.626753300000022
23.52938120000002
23.562000200000025
23.534358000000026
23.508033600000026
23.287503300000022
23.506670100000022
23.557732900000023
23.558851900000022
23.61268630000002
23.665713600000018
23.505500200000018
23.150520700000026
23.34729720000002
23.11205570000002
23.23049280000002
23.10733330000002
23.30836410000002
23.309221600000015
23.191967000000023
23.060868500000023
23.199635900000025
23.435514200000014
23.15771750000002
23.10093240000002
23.100413100000022
23.127200000000016
22.953959400000016
22.83998750000002
22.798672700000026
22.79354170000002
23.117921800000023
22.579066100000023
22.74760930000002
22.444372600000015
22.958110500000018
22.619256200000017
22.700425100000015
22.98786700000002
22.799526600000014
22.485994000000016
22.4859591
22.67909680000002
22.770347300000008
22.814842000000013
22.610723100000016
22.241577500000012
22.349380200000013
22.169830500000007
22.623751500000015
22.108283200000013
21.736485900000012
21.801599700000015
21.975714500000016
21.9890119
22.093186000000014
21.80555870000001
21.59431300000001
22.17372930000002
21.602551400000017
21.644352600000012
21.499998800000004
21.725835099999994
21.721901499999998
21.102855900000005
21.414706400000004
21.448358100000004
21.891922400000013
21.612195200000006
21.336291900000006
21.413403100000018
21.575746300000013
21.380084000000014
21.937691300000026
21.946566700000016
21.7441166
21.33467960000001
21.397867100000013
21.494400699999996
21.366901200000008
21.03476000000001
21.288677600000007
21.086002800000003
20.874150599999997
20.973514699999992
21.182475299999993
20.882516499999998
20.550719199999985
20.8007793
20.897591099999996
21.287840300000003
20.9326205
20.64026919999999
20.6757991
20.334415099999994
20.064618400000004
20.4547723
20.593937699999987
20.207062899999997
20.4993259
20.317776899999984
20.44436419999998
20.182933399999996
19.9924412
20.25357899999999
20.40850849999999
19.708776299999997
20.15458079999999
20.000605099999994
19.80522039999999
20.29450309999999
20.1316789
20.049603899999994
20.314146999999995
20.043568399999995
19.82844339999999
20.502595499999995
20.48790199999999
20.061164699999996
20.32122439999999
19.7379955
20.025144499999982
20.221322799999985
20.5864842
20.07221459999999
20.4212971
20.570757099999987
20.16783909999999
20.216248299999993
19.825608299999995
19.84666749999999
19.8629728
19.695237900000006
19.786563199999993
19.802748599999994
19.75836579999999
19.957245699999998
19.704831300000002
19.959486099999996
20.048988599999987
19.814651999999995
19.343970600000002
19.597161299999996
19.520788200000002
19.607205799999992
19.853726099999996
19.684768599999998
19.92176539999999
19.854578899999993
19.487805399999992
19.36771019999999
19.476796899999997
19.77217329999999
20.02094979999999
20.071957499999996
19.506745799999994
19.6956413
19.601381500000002
19.639239299999996
19.655229999999996
19.464591199999994
19.756319
20.14502989999999
19.646575000000002
19.3551247
19.379655399999997
19.81264749999998
19.462211099999998
19.54662589999999
19.8874672
19.7534969
19.629572099999987
19.798076100000003
19.346937100000005
19.094603999999993
19.744125999999987
19.59627489999999
19.407778899999993
19.3003242
19.411413799999988
19.329703600000002
19.488603
19.564407099999993
19.086278799999995
19.5106148
19.721849499999994
19.121150599999993
19.101718799999993
19.168663499999994
19.145570299999992
19.201092299999992
19.77130449999999
19.1155246
19.042390899999997
19.022713399999997
19.257643399999996
19.5085011
18.893398399999995
18.703635499999997
19.718510599999984
19.1041498
19.33203339999999
18.716507699999998
19.274925999999997
19.218432599999993
19.094781299999994
19.249669599999994
19.48539179999998
19.075925599999994
19.094504
19.681888900000004
19.865492799999988
19.24349419999999
19.7487942
19.0642887
19.72264749999999
19.62394579999999
18.90767559999999
19.29063559999999
18.836419
19.430250699999988
18.492517
18.550115599999998
19.037999999999993
18.506772899999998
19.188552799999997
19.330821599999986
19.04633009999998
18.74134789999999
18.884166199999996
18.667388099999997
18.771537399999993
18.886371299999986
18.88342779999999
19.17617479999999
18.47530249999999
18.92306319999999
18.513871999999992
18.479059299999996
18.761622399999986
18.854278399999995
18.88259559999999
18.673020099999988
18.900196099999995
18.830022199999984
18.406652199999986
18.364692699999996
19.15527069999999
18.78245349999999
18.564085499999994
19.06441939999999
19.082706599999987
19.20933179999999
19.078539799999998
18.933069599999982
18.948288899999984
19.315580299999986
18.922526899999994
19.027321399999988
18.695891899999996
18.95632789999999
19.286355099999984
18.814939299999995
18.725542499999992
18.725447399999997
18.59359149999999
18.741937599999996
18.2190931
18.618141599999998
18.67683909999999
18.1348123
18.24268099999999
18.961686299999982
18.089187999999982
18.41534469999999
18.30688039999999
18.501928699999993
18.141536999999985
18.17241849999999
18.278587099999996
18.18509859999999
17.95245279999999
18.325013099999993
18.160439599999997
18.06474419999998
18.191267699999983
18.261333999999987
18.46099459999999
18.33280099999998
18.331063399999984
18.276957199999984
18.252381899999982
18.310721399999988
18.506333199999986
18.189470599999986
17.935852199999985
17.897267999999986
17.984141599999987
17.826734999999985
17.480224599999982
17.500184899999986
17.48453669999999
17.747279199999987
17.593768399999984
17.59682279999998
17.705883799999985
17.52444319999999
17.39593439999998
17.756376799999977
17.433354599999983
17.648293699999986
17.63580489999999
17.699773199999985
17.77707559999999
17.865636599999988
17.655246699999992
17.68216659999998
17.28988669999999
17.526698699999987
17.514758399999984
17.749098199999988
17.496878899999984
17.440034099999988
17.757334299999986
17.713364099999986
17.848887899999983
17.744927599999986
17.905125999999978
17.67648589999999
17.888663599999987
17.801820499999984
17.672993199999986
17.53480529999998
17.530667899999994
17.79245919999999
17.765154399999986
17.667939299999986
17.66980809999999
17.45728099999999
17.57146469999999
17.668930599999985
17.571639999999988
17.35951639999999
17.41124089999999
17.52887759999999
17.454294699999995
17.37694329999999
17.161012799999995
17.353722799999993
17.31551389999999
17.362893099999994
17.395443799999995
17.16618669999999
17.052307199999987
16.984268799999988
16.515932699999993
16.13055099999999
16.11069999999999
15.642351899999994
15.6274778
15.768291299999996
15.864326899999996
15.540250199999992
15.805185599999989
16.257331999999995
15.700480699999993
15.795362699999997
15.891900999999997
15.748291799999995
15.945501299999998
15.80537549999999
15.9365699
15.976419699999994
15.9385947
16.03578669999999
16.213146699999996
16.203228099999993
16.182842399999995
16.4397678
16.2311917
16.036197299999998
16.133223499999996
16.1176206
16.072931
15.971117499999993
15.951348000000003
16.291322799999993
15.9827998
15.766616299999995
15.6086385
15.868564999999991
15.731066999999994
16.071475199999995
16.3881941
16.095493199999996
16.282938699999992
16.390836699999998
16.358910899999984
16.471416899999998
16.301147999999998
16.3910735
16.371882799999995
16.32006789999999
16.64559869999999
16.234054899999997
15.803647299999987
16.245973499999998
15.883517399999999
16.50939169999999
16.2226601
16.19507829999999
16.5557163
15.891566099999993
15.447270299999992
15.868932599999996
15.8609769
15.8229101
15.569131599999997
15.596617099999998
15.204834900000002
14.853418199999991
14.98120069999999
15.105803499999995
15.288856299999996
14.987381399999993
14.929424299999999
14.667354299999994
14.732551399999998
14.816655799999994
15.319059600000003
14.874943899999996
15.259725600000001
15.590182499999992
15.379355399999998
15.396254199999998
15.057617799999994
15.217025599999998
15.108114400000002
14.459879599999997
14.887007999999996
15.180338799999998
14.318723499999999
15.103986499999996
15.215408499999999
14.356519499999996
14.230626899999999
14.7109964
14.872641799999995
14.911970700000001
14.4103883
14.518020699999997
15.118392700000005
14.896185199999998
14.3204535
14.364409499999997
14.461213200000001
14.932866899999999
14.0957397
13.681361899999999
13.253410000000004
13.525558099999998
13.749900299999997
13.536211100000003
13.837507000000006
13.947019399999999
14.2636402
13.757144600000004
14.174226600000003
14.363590299999998
14.341879700000002
14.222331299999999
14.2836851
14.924823399999998
14.732194599999996
14.185172099999999
14.315239099999996
14.1934305
14.633196900000003
14.222727399999998
14.670756000000004
14.348530399999998
13.923668600000003
14.398888600000006
14.000574800000003
14.375781299999998
14.116857500000002
13.128009400000002
13.521036700000002
13.145033800000007
13.208891600000001
13.016817000000003
13.049922299999999
12.6096199
13.046807300000001
13.2689262
12.869272899999999
13.0068367
12.956660700000004
12.802180299999998
12.4908132
12.378455600000002
12.693406600000001
12.1038217
11.9927337
12.344510999999997
12.0305657
11.7201512
11.8733735
11.791117000000002
11.523558600000003
12.0356118
11.927025100000002
11.608413400000002
11.562503600000003
12.266959400000001
11.964221000000002
11.633696900000002
11.983580500000002
11.9972107
11.784509200000002
11.717246500000002
11.805240099999999
11.540144699999999
11.881887100000004
12.058155500000005
11.973138
11.905203800000004
12.0214492
11.953502700000003
12.206155300000002
12.128635600000003
12.3403421
12.269211799999999
12.213794000000002
12.0407057
11.770649600000002
11.788733500000001
11.509137799999998
11.5457433
11.4672752
11.353145300000001
11.3087379
11.488309700000002
11.058539900000001
11.159563700000001
11.0747273
11.014603500000003
10.913030199999998
10.940425100000002
11.203502700000003
10.970119
10.989596400000003
11.237323300000003
11.352422699999998
11.637470200000003
11.0393006
11.114331700000001
11.1738695
10.8769015
10.9382319
10.651519900000004
10.7281271
10.967751600000001
10.7321722
10.7753613
11.041356599999999
10.6838104
10.749396
10.7186244
10.7157551
10.8036875
10.954735600000003
11.0242284
10.941564600000001
11.055639700000002
11.008082199999999
11.016004000000002
10.8745797
10.911986900000002
10.985944
10.848846900000002
10.903372100000002
10.8870277
10.8842276
10.736827999999997
10.6630786
10.354185900000003
10.230765100000001
10.2012631
10.1874592
10.2970417
10.2107524
10.230027699999999
10.2263925
10.145063100000002
10.271288
10.350249100000001
10.1581851
10.180287100000001
10.1554838
10.263437799999998
10.210374400000001
10.1738599
10.0167961
10.0167961
10.0709961
10.250112099999999
10.034796100000001
10.0420006
10.043775799999999
10.0597786
10.017999999999999
10.095543
10.1528059
10.1522487
10.0941565
10.154552599999999
10.203093400000002
10.1141565
10.0561565
10.164556500000002
10.2000157
10.0561565
10.0
10.2359703
10.207956900000001
10.2396884
10.345917400000001
10.242552499999999
10.1820192
10.0
10.150588299999999
10.02
10.0597786
10.017999999999999
10.090330799999998
10.06
10.02
10.2381408
10.134102
10.0320432
10.1032631
10.0761565
10.0
10.0538007
10.2288284
10.0
10.036
10.111381699999999
10.0342
10.177063799999999
10.0597786
10.058
10.02
10.038
10.119133
10.1584959
10.0874095
10.02
10.1643836
10.104243199999999
10.2082117
10.0
10.043902000000001
10.0
10.132102
10.0
10.0
10.077584100000001
10.028005
10.0538007
10.0162
10.017999999999999
10.0581565
10.1086891
10.017999999999999
10.1747658
10.1995209
10.1021747
10.1123586
10.2532681
10.3163161
10.196515499999999
10.281778599999997
10.1896375
10.327028499999999
