38.0
36.9948718
36.6148718
35.7748718
35.1897436
34.1948718
34.3897436
34.0097436
33.394871800000004
32.0
31.7948718
31.7548718
30.82
29.8051282
29.005128199999998
29.5902564
28.2700285
28.5981168
27.4051282
27.610256399999997
28.42
27.58
26.2251282
26.3702564
25.8051282
26.0
24.4
23.825128199999998
25.7748718
24.2051282
24.185128199999998
23.7948718
23.1902564
22.810256400000004
23.210256400000002
22.215384599999997
23.378467399999998
22.02
21.8051282
21.8051282
21.8051282
21.7851282
21.4051282
21.2
22.36
21.6
22.9651282
22.0
21.8051282
21.1316839
21.6
21.8051282
21.98
21.892444400000002
22.0
21.6
21.2
21.98
21.3878604
21.8051282
21.2102564
21.610256400000004
21.590256399999998
22.3512564
20.9368121
21.9902564
22.5265557
21.005128199999998
20.8102564
21.2102564
21.5902564
21.970256400000004
21.1902564
21.6
21.7851282
21.9929886
21.200000000000003
21.3948718
21.7948718
20.994871800000002
21.96
21.404615399999997
21.771515699999995
22.038059799999996
22.3529886
21.18
21.18
21.7548718
21.3748718
21.3548718
22.3487436
21.169743599999997
21.7548718
21.7548718
20.7830828
21.56
21.7748718
21.56
21.58
21.98
21.5663278
21.54
21.3851282
21.345128199999998
22.1451282
20.9851282
21.58
21.345128199999998
23.18
21.190256400000003
21.57025640000001
21.600512800000004
22.605641000000002
22.215897400000003
21.624108400000004
24.353852000000007
22.773852000000005
22.945641000000006
23.072196700000003
22.942063000000005
22.3805128
22.204641000000002
22.7805128
23.960512799999997
22.760512800000004
22.410256399999998
21.5902564
21.7851282
22.3902564
21.570256399999998
21.590256399999998
22.3302564
21.590256399999998
22.585128200000003
21.4051282
20.6051282
20.9851282
21.005128199999998
21.005128199999998
21.3851282
21.2
21.3851282
20.8097436
20.6138718
20.994871800000002
20.9651282
21.2
20.584359300000003
20.0
20.0
20.78
21.16
20.4
20.0
20.0
21.569743600000002
20.5948718
20.1948718
21.3748718
20.38
20.4
21.58
20.4
20.4
20.0
20.8
20.741
22.1348718
21.7348718
20.78
21.16
20.78
20.9548718
21.3548718
21.3548718
21.18
21.18
20.38
20.38
21.56
20.38
20.38
20.5748718
21.18
20.76
21.16
20.38
21.3548718
20.4
20.0
20.4
20.584615400000004
20.1948718
20.5948718
20.5948718
20.974871800000003
20.3897436
20.789743599999998
20.4546439
20.38
20.5948718
20.8
20.4
20.4
20.5948718
20.78
20.994871800000002
20.0
20.41705
20.4
20.5948718
20.399
20.0
20.0
20.4
20.4
20.4
20.38
20.5558718
20.4
20.994871800000002
20.0
21.3748718
20.0
20.78
20.38
20.78
20.0
20.78
20.0
21.2
20.5948718
20.4
20.5851282
20.0
20.974871800000003
20.4
20.4
20.4
20.0
20.4
20.4
20.639772100000002
20.1948718
20.4
20.5948718
20.5948718
20.5948718
21.4521796
20.194871799999998
20.1948718
20.194871799999998
20.761
20.02
20.3897436
20.4097436
20.38
20.1948718
20.1948718
20.5948718
20.1948718
20.5797372
20.4
20.0
20.0
21.98
20.4
20.3897436
20.9229601
20.4
20.4
20.38
20.361
21.2
21.530743599999997
21.539487199999993
20.584615399999993
20.984615400000003
21.169743599999993
21.578487199999994
21.025533299999996
21.5394872
21.220405099999997
21.549230799999997
20.799487199999994
20.974358999999996
21.179487199999997
21.354358999999995
21.179487199999993
21.3446154
21.8741308
21.3446154
22.184102599999996
21.528658299999996
20.799487199999998
21.5594872
21.919487199999995
21.198487199999995
21.5584872
21.731703699999997
21.136831899999997
21.711703699999997
22.1317037
21.516831899999996
21.198487199999995
21.793358999999995
20.817487199999995
21.412358999999995
21.938974399999996
21.2990314
21.4192593
21.039259299999994
20.8346439
20.714415999999996
20.714416
21.367860399999998
20.854643899999996
20.8346439
20.454643899999997
21.367860399999998
21.244387500000002
21.2243875
20.649515700000002
20.6597721
21.0397721
20.2597721
20.6587721
20.9112665
20.78
20.4
20.761
20.409743600000002
20.78
20.42
20.059
20.84
20.02
20.04
20.6348718
20.82
20.42
20.6597721
20.82
20.42
21.22
21.124899999999997
21.209743600000003
22.34
21.4197721
20.4
20.8
21.98
20.799
20.78
20.78
20.04
21.166327799999998
20.38
20.4
20.1948718
21.3748718
20.38
20.1948718
20.0
20.399
21.3748718
20.0
20.0
20.8
20.4
20.2148718
20.0
20.8
20.7697436
20.4
20.639772100000002
21.141
20.533216499999998
21.334871800000002
20.4
20.1948718
20.38
20.38
20.78
20.0
20.38
20.0
21.16
20.02
20.741
21.393871800000003
20.42
20.38
20.4
20.8995442
20.389743600000003
20.42
20.1948718
20.5981168
21.16
20.38
20.019000000000002
20.78
20.42
21.8397721
20.6348718
20.7197721
21.26
20.2748718
20.534644
20.86
21.26
22.0097436
20.82
20.9851282
20.42
20.42
20.2241282
20.82
20.9651282
20.0
20.38
20.5851282
20.76
21.16
20.5748718
20.2051282
20.799
20.389743600000003
20.0
20.78
20.4
20.0
20.4
20.78
20.185128199999998
20.38
20.4
20.4
20.0
20.6138718
20.0
21.16
20.9851282
20.4
20.7338349
20.8
20.4
20.0
21.3851282
20.1948718
21.56
20.7697436
21.1897436
21.209743600000003
20.7897436
20.7697436
21.141
20.8
20.741
20.1948718
20.0
20.78
21.1897436
20.0
20.0
20.78
21.22
20.2973011
20.4
20.4
20.4
20.5948718
20.0
20.78
20.0
20.9811996
20.4
20.1948718
20.0
20.4
20.5948718
20.9065557
20.4
20.4
20.0
20.8
20.3897436
20.5851282
20.0
20.819000000000003
20.76
20.76
20.1948718
20.0
20.4
20.0
21.589743600000002
20.0
20.1948718
20.0
20.78
20.76
20.6148718
21.18
20.5948718
20.5948718
20.78
20.0
20.4
20.4
20.76
20.5948718
20.0
20.419
20.38
20.1948718
20.78
20.78
20.4
21.380772099999998
20.0
20.42
21.16
20.4
20.5929218
20.2138718
20.4
21.3748718
20.0
20.78
21.3558718
20.5748718
20.5948718
20.5948718
20.3897436
20.7897436
20.1948718
20.5748718
20.76
20.1332165
20.0
20.78
20.0
20.8
20.9065557
20.994871800000002
20.5748718
20.0
20.8
20.78
20.4
20.1948718
20.4
20.78
20.792988599999997
20.76
20.4
20.38
20.0
20.02
20.8
20.38
20.38
20.5651282
20.019000000000002
20.0
20.0
20.02
20.76
21.18
20.1948718
20.8
20.38
20.4
21.18
20.4
20.1948718
20.4
21.7748718
21.16
20.76
20.0
20.78
20.8
20.8
20.5948718
20.38
20.4
20.38
20.76
20.76
20.1948718
21.569743600000002
20.8
21.0397721
20.4
20.0
20.8
21.3948718
20.42
21.56
21.58
21.58
21.96
21.98
20.8
21.6
20.994871800000002
20.994871800000002
20.42
20.6148718
21.18
20.5265557
20.533216499999998
21.18
20.8
20.4
20.4
20.4
20.5948718
20.0
20.0
20.0
20.4
20.9332165
20.8
20.4063278
20.38
20.4
20.4
20.5948718
20.2051282
20.994871800000002
20.02
20.8
20.0
20.0
20.4
20.5748718
20.546128200000002
20.0
20.5948718
20.8
20.8
21.549743600000003
20.741
21.7748718
20.974871800000003
21.549743600000003
20.874216500000003
20.38
20.76
21.16
21.16
21.5492564
21.54
21.7158718
21.1929886
20.8
20.4
20.4
20.4
20.4
20.2251282
20.1948718
20.43705
20.43705
20.03705
20.9168718
20.4
20.721999999999998
21.6768718
21.493206400000005
21.463
21.444000000000003
21.891743600000005
22.468128200000002
21.277871800000003
20.361
20.361
20.767327800000004
20.361
20.02
20.126555699999997
20.4416553
20.6051282
20.38
21.3748718
22.8178121
21.131696
21.2978718
20.721999999999998
20.935871800000005
22.230088300000002
21.6968718
20.742000000000004
21.3568718
21.143
21.356871800000004
21.522
21.863000000000003
21.844000000000005
22.390128200000007
22.378921800000004
22.0276654
21.444000000000006
21.844
22.4188718
22.224
22.7456989
22.0681282
21.316871799999998
20.848555700000002
21.141000000000005
20.9398004
20.9358718
20.6734926
21.551256400000003
20.704406100000007
20.9661282
20.946128200000004
21.1599524
21.671930700000004
20.778050000000004
20.361
20.926128200000004
20.575871800000005
21.3358718
22.1158718
21.170743600000005
20.433247400000003
21.4295575
20.750743600000007
20.6207721
21.121
20.584359300000003
20.0
20.5851282
20.5851282
20.0
20.0
20.5948718
20.38
20.0
21.3539218
20.5558718
21.0911711
21.58
20.194871799999998
20.38
21.521
20.019000000000002
20.0
20.8449003
20.185128199999998
21.3758718
21.16
20.4
20.2041282
20.0
20.778050000000004
20.4
21.209743600000003
20.0
21.1897436
20.887564299999998
20.770256399999997
20.41805
20.9548718
20.361
21.0148718
20.761
20.761
20.019000000000002
20.3892564
20.39805
21.18
21.5256221
21.345128199999998
21.18
21.121
20.974871800000003
21.16
20.974871800000003
20.78
21.0555271
20.584615400000004
21.2426989
20.78
20.039
20.42
20.0
21.541
20.798050000000003
20.78
21.2
21.0467835
20.4048654
20.2519218
20.78
20.02
20.5841282
20.9651282
21.3748718
20.741
20.761
20.546128200000002
20.761
20.761
20.4
20.5661282
21.18
21.500999999999998
22.1762064
20.907128200000002
22.0953928
21.269078200000003
21.6768718
20.907128200000002
21.306128200000003
21.1312564
21.4768785
21.8522564
21.862000000000002
21.6671282
21.112256400000007
22.071750300000005
20.805900300000005
21.280227900000003
20.5651282
20.6041282
20.9851282
20.9711396
20.224128200000003
20.76
20.9451282
20.431911700000004
21.057039900000003
21.188306400000002
20.770256399999997
20.3883064
20.185128199999998
21.008733499999998
20.819000000000003
20.418999999999997
20.9558718
20.38
20.47605
20.399
20.38
21.764359300000002
20.78
21.3332165
21.6665557
20.691683899999997
21.56
20.76
20.7697436
20.76
20.3929886
20.4
20.1948718
21.121
20.5948718
20.4
20.741
20.8524425
20.8
20.4
20.78
20.4
20.0
20.361
20.3034012
21.3748718
20.721999999999998
20.1948718
20.839000000000002
20.974871800000003
21.179000000000002
21.18
21.2
20.4
20.781
20.6519218
21.94
21.550743599999997
22.261999999999997
20.9851282
20.82
20.781
20.84
20.8
21.2
20.42
21.56
21.2
20.4
20.42
20.78
21.0397721
21.561
21.18
21.160999999999998
20.8
21.94
21.561
21.3651282
20.994871800000002
21.18
21.18
21.161949999999997
21.158147399999997
20.4
20.5948718
20.5202279
21.58
20.9358718
20.7663278
20.78
20.5748718
20.8
20.194871799999998
20.5748718
20.974871800000003
20.788743599999997
20.6138718
21.16
21.209743600000003
20.789743599999998
21.3446154
21.159487199999994
21.4095157
21.364615399999998
21.041665400000003
21.328467899999996
21.344615400000002
20.6148718
21.1697436
20.7697436
21.355871799999996
20.3897436
20.5948718
20.9196742
20.9530192
21.14295
20.38
20.72395
20.43705
20.9002279
20.0
20.5748718
21.5618524
20.9358718
20.2138718
20.398999999999997
20.39995
20.419
20.2338718
20.974871800000003
20.84
20.974871800000003
20.438
20.2528718
20.2241282
20.5395442
20.02
20.4
20.44
20.05705
20.1865557
20.8
20.401
20.2529218
20.6148718
20.421
20.498050000000003
20.840999999999998
21.203928599999998
21.22
20.06
20.2548718
21.0548718
21.0148718
20.994871800000002
20.5948718
20.2528718
21.0148718
20.8
20.4
20.38
20.5748718
20.8
20.837049999999998
20.9368718
21.18
20.0
20.818050000000003
20.4
21.130256399999997
21.52
21.12195
20.7897436
21.9107436
21.3076829
20.974871800000003
20.1948718
20.439
20.4
20.0
20.721999999999998
20.626783500000002
20.361
20.741
20.4
20.5948718
20.8633778
20.05705
20.9402279
20.419999999999998
20.9792279
20.653871799999997
20.059
20.203210300000002
20.477050000000002
20.098
20.878
21.4051282
20.673871799999997
20.078
20.039
20.439
20.418999999999997
20.038999999999998
20.252871799999998
20.03705
20.872197399999994
20.993871799999997
20.096999999999998
20.2528718
20.058
20.439
20.645783499999997
20.1645557
20.76
20.0
20.799
20.361
20.7697436
20.5851282
20.81705
20.953969200000003
20.556821799999998
20.419
20.4457936
20.6241282
20.454099999999997
20.074099999999998
20.6679718
20.4741
21.0618835
20.4741
20.491149999999998
21.234943199999996
20.1482
20.1482
20.7230718
21.6492
20.667021799999997
20.11115
20.761644299999997
20.491149999999998
20.2577057
20.7060218
21.259427800000005
20.094099999999997
21.1099712
20.497477800000002
21.1608524
21.141
20.741000000000003
20.741000000000003
20.76
21.3999147
21.1951974
20.499277899999996
21.199050000000003
20.741000000000003
20.721999999999998
20.761000000000003
20.361
20.381
20.8738835
20.361
20.361
21.7168718
21.122
21.118290100000003
22.622000000000003
21.6968718
20.721999999999998
20.381
20.938613500000002
21.463
20.361
20.741000000000003
20.7761974
20.761
21.120050000000003
21.2802279
21.122
20.7762901
20.9877835
21.14
20.76
21.140050000000002
20.799
21.3877335
21.14
20.78
21.501949999999997
20.76
21.16
20.8132474
21.18
20.5104425
20.361857399999998
20.7438074
21.198050000000002
20.721999999999998
20.38
21.14
20.721999999999998
20.8
20.38
20.38
20.70395
21.482
20.4
20.70395
20.36295
20.6597721
20.0
21.561
20.381
20.801
20.801
20.38295
20.8
20.42
20.858050000000002
20.05805
21.3705192
20.5870782
20.6251282
20.781000000000002
21.513206399999998
20.615384600000002
20.6051282
20.2251282
20.6070782
20.9490782
20.6641282
20.843245000000003
20.8302564
21.5805128
22.0990519
21.7383346
21.878818800000005
21.951256400000002
22.3956439
22.26785
22.423721800000003
23.9169782
22.0720282
21.996928200000003
21.729028200000002
21.4859
21.162950000000002
21.162950000000002
21.162950000000002
21.4687525
21.14295
21.52295
21.50395
21.88395
21.540049999999997
21.491683899999998
21.7251282
21.16
21.14
21.52
21.482
20.76
20.38
20.721999999999998
20.8
20.0
20.44
20.381
20.44
20.4
21.90395
20.8
20.84
20.652921800000005
21.24
21.180999999999997
20.8
21.598000000000003
20.661178200000005
21.569256400000004
21.4926838
22.165128199999998
21.2904843
22.4851282
20.9651282
21.729028200000002
20.9651282
21.706128200000002
21.744128200000006
21.7061282
22.4480782
21.2932165
21.7112665
21.6932165
21.5080883
21.1729887
21.154822199999998
21.3029601
20.893216499999998
21.656166499999998
21.2761665
21.674216499999996
21.9554921
20.4443779
20.5712665
20.191266499999998
20.9456057
21.0112665
20.251266499999996
21.427366499999998
21.8083665
20.864188300000002
20.389477900000003
21.335150000000002
20.974149999999998
20.156100000000002
21.543883500000003
20.1561
20.879952499999998
21.0992782
21.297002499999998
22.092200000000002
22.305121800000002
22.16635
22.092055000000002
22.1662525
21.6451222
22.269955700000004
21.7844
21.079705699999998
21.765349999999998
22.478664900000002
21.333149999999996
21.2941
20.513150000000007
21.235150000000004
20.495150000000002
21.056805700000005
20.608300000000003
20.913200000000003
21.087121800000006
20.5854
20.642983800000003
20.62245
22.065340300000003
21.0244
20.642450000000004
20.586350000000003
21.365447400000004
21.145121800000002
21.31125
20.95025
20.53515
20.7452192
20.53415
20.116100000000003
20.897100000000002
20.1761
20.9551
21.299049999999998
21.281
21.3
20.86
21.086783500000003
21.29805
21.28
22.2908
21.701
21.783177900000002
20.719227900000007
21.082130400000004
21.441227900000005
22.12
20.681227900000003
22.056099700000004
20.7002279
22.0086599
21.0802279
22.0277835
21.286783500000002
21.1958718
20.9550997
21.761
20.881999999999998
21.261999999999997
21.641
21.241
20.48
20.9
20.2748718
21.581999999999997
20.48
20.44
20.06
21.6503161
20.5412279
20.6148718
21.3471282
21.142
21.162
20.761999999999997
21.161949999999997
20.781000000000002
21.1971
20.761000000000003
20.787891100000003
21.503
21.181000000000004
20.986128200000003
21.161000000000005
20.8534425
20.741999999999997
20.894216500000002
20.907128200000002
21.521000000000004
20.70395
21.160999999999998
21.418099700000003
20.78
21.10395
20.4
20.779
20.9938718
20.72295
21.121
20.78
21.3368218
20.761
20.8
20.419
20.419
20.818
21.319771799999998
20.779
21.7251282
20.5938718
20.9948218
21.576049999999995
20.9322165
20.5141665
20.2041282
20.038
20.9636057
20.973871799999998
21.520000000000003
21.2479481
20.5002279
20.935871799999994
20.9637221
20.546128200000002
22.2711276
20.716099700000004
20.935871799999994
20.9739218
20.7507436
21.2449601
20.962762899999998
21.529743600000003
21.198999999999998
20.803158699999997
21.3058332
20.1948718
20.5948718
20.315099699999998
20.5748718
20.8154979
20.7080883
21.0783986
20.9646154
20.966593999999997
21.0570579
21.068655
20.7697436
21.476448599999994
21.604387499999998
20.584615399999997
20.584615399999997
21.559626499999993
21.4555869
21.6981189
21.321240399999997
21.387087999999995
21.100427500000002
21.3713697
20.8024726
21.405377499999997
21.4521711
21.771369700000005
21.905082899999996
21.771082500000002
21.8841623
21.5323975
21.6488746
21.6372993
21.442427499999997
21.2772993
21.783855
20.6824275
21.3863775
21.3014842
20.673179700000002
21.5231607
21.8662994
20.6804558
21.2623391
21.3697052
21.350655200000006
20.969655200000005
21.29601130000001
21.481139500000005
20.907744700000002
21.593567100000005
21.36159530000001
21.199619900000005
21.173051300000008
21.35493460000001
21.594804000000003
21.62837890000001
22.113279200000008
21.833969500000013
22.17298460000001
22.321062800000007
22.188606800000006
22.195934600000008
21.83225200000001
22.117368900000006
21.781262400000006
22.027362200000002
21.6273623
22.541570600000004
21.688868000000003
21.842917800000006
21.520806600000004
22.488923200000002
21.374251000000008
21.959379100000007
21.716011500000004
21.638833100000006
21.4012624
21.468894900000006
21.659515000000006
21.75493460000001
21.374934600000007
22.248312200000008
21.627123800000007
21.600062800000003
22.140290700000016
22.529718000000013
22.442401900000004
22.630290000000006
21.97455500000001
21.946201100000007
21.520806600000004
22.0768483
21.5316263
21.0944788
21.335068100000008
21.544101100000002
20.935517200000003
20.853023000000004
21.838028200000004
21.64371660000001
21.096527299999998
21.031626900000003
21.451199400000004
20.5699715
20.7135772
20.907316199999997
21.450199400000002
20.7740997
20.845891
20.663188
20.9065557
20.76
20.5162993
20.8287436
20.399
20.7346616
20.974871800000003
20.5958718
21.256307900000003
20.691683899999997
20.698344700000003
20.741000000000003
20.626960800000003
20.5748718
20.5651282
20.981455800000003
20.6041282
20.6775707
20.4649004
20.5132165
20.185128199999998
20.185128199999998
20.4515612
20.7024275
20.45605
20.2138718
20.878257899999998
20.3563447
20.058
20.039
20.152216499999998
20.139227899999998
20.2138718
20.438
20.039
20.190266499999996
20.1071774
20.404405699999998
20.6495244
20.771953699999997
21.048382999999998
21.047433
20.5342165
20.684659
20.470900800000003
20.7740997
20.04
20.04
20.2934444
21.2
20.573216499999997
20.2348718
20.2251282
20.8736488
20.868555699999998
20.9851282
20.02
20.04
20.02
20.1532165
20.02
20.3453561
20.7480883
20.1465557
20.874643900000002
20.853869999999997
20.685482999999998
20.3583447
20.42
20.731683899999997
20.3593447
20.5289807
20.370256400000002
20.5651282
20.5434729
20.3253561
20.370256400000002
20.305356099999997
20.770256399999997
21.1702564
20.7253561
20.1851282
20.4382396
20.3183447
20.5851282
20.39995
20.0
20.019000000000002
20.8000001
20.0
20.549414
20.5002279
20.0
20.2197372
20.653111399999997
20.3306839
20.311683900000002
20.2241282
20.9451282
20.546128200000002
20.3183447
20.399
20.549484300000003
20.7243561
20.656040000000004
20.7633561
20.9484843
20.548484300000005
20.7146125
21.042700800000002
21.629911800000006
21.2714343
21.1541851
21.347723900000002
20.998040000000007
20.896495800000004
21.092367600000006
20.732367600000003
20.832595500000004
21.11136770000001
21.745479000000003
21.052795100000004
21.805051500000005
21.119379100000007
21.366162700000004
21.524001200000008
21.255678400000008
21.354250900000007
21.269350600000006
20.700122899999997
21.340578699999995
21.248334000000003
21.8464508
21.293234300000005
21.227859399999996
21.643747600000005
20.786678599999995
21.197714299999998
21.7381346
21.2108954
20.9104076
20.506222799999996
20.9128835
20.785327900000002
20.670161399999998
20.341427499999998
20.622117600000003
20.126555699999997
20.1602279
20.3084015
20.5265557
20.1142165
20.1997372
20.42
20.0
20.965078199999997
20.691161400000002
20.675766799999998
20.3796671
21.3062228
21.060905099999996
21.101094599999996
22.072550699999997
21.308638700000003
21.247650299999997
22.007966799999995
21.421930699999994
22.1138731
21.79917949999999
21.559622599999994
21.143522499999996
21.080761699999993
21.335412399999996
20.6688785
21.35911769999999
20.9444624
21.411112699999993
21.594673799999995
21.168773499999993
21.107118099999994
21.188422899999996
21.398773499999997
21.5780522
21.265556999999998
21.301657
22.036116599999996
21.208658399999994
21.127612099999997
21.0778314
20.765995000000004
21.439439399999998
21.429182899999997
21.2985944
21.4877555
20.944795299999996
20.5318836
21.008050100000002
21.346484
20.911883599999996
20.892883599999994
20.564222799999996
20.8162136
20.6394393
21.286222799999997
20.379667099999995
20.7050232
20.162655700000002
20.9128836
20.379667099999995
20.818239600000002
20.893307699999994
21.3554414
20.671846699999996
21.230424199999998
20.9745389
21.4617543
20.792393599999997
20.7863278
21.277299299999996
21.4393529
21.7721266
21.627470399999993
21.227470399999998
21.7891843
21.333735799999996
21.313735899999998
21.100914699999997
20.846586
21.100914699999997
21.3260239
21.090332900000003
20.7827323
21.035886299999998
20.6956256
20.522960099999995
21.283960099999998
20.5229601
20.5745403
20.993368299999997
20.727088299999995
20.803415899999994
21.215870699999996
21.5689054
21.4552107
21.328621
21.264845299999998
20.8479657
21.098952499999996
20.972904299999996
21.788497399999997
21.3262649
22.1574946
21.645836399999993
22.213588499999993
22.275578799999998
21.80029739999999
22.4800517
22.202092899999997
21.840670699999997
22.651200999999993
22.691868
22.599170999999988
22.537597599999994
22.272674999999996
22.675690599999992
23.026648099999992
23.138043399999994
23.73741339999999
23.26164369999999
24.08656219999999
23.57253839999999
23.898272499999983
23.831575099999988
25.147619199999994
24.642197699999986
25.765542899999982
25.589166099999996
25.94562829999999
24.45642959999999
24.54163839999998
24.883094699999983
24.59915779999999
24.027021699999988
23.68446709999999
24.110154599999998
23.940546299999987
24.38137959999999
24.457788599999994
23.98739909999999
24.7436485
24.0313184
24.388363699999992
24.847473499999992
24.942834699999985
25.433390599999985
25.76713159999999
25.109762299999986
25.437301699999992
24.95195179999999
24.66955199999999
24.163955199999986
25.033093699999984
25.51612689999999
24.514765399999987
24.45789909999998
24.301194099999993
25.304136599999982
25.546665499999985
25.34085409999999
24.70890869999999
24.76674259999999
26.550694299999996
25.69437839999999
24.78889329999999
25.12059069999999
26.43166209999998
26.731937499999987
26.736759599999996
27.347481499999976
27.24666639999998
25.95559009999998
26.672165699999983
28.041035699999988
27.15327389999999
26.27689309999999
26.77555169999999
26.31509489999998
26.577751799999977
27.17973089999998
26.145450899999982
25.809590799999977
26.331602999999987
26.193169899999983
25.08483889999999
25.000217999999986
24.569487499999987
25.134625499999984
24.383620799999985
25.006934299999994
23.901408899999993
23.94761929999999
24.045509799999987
24.299225999999994
23.867076699999995
25.281080699999993
24.81213679999999
25.349638799999994
24.828577699999997
24.36362529999999
23.975872399999993
23.53327569999999
24.087162199999995
23.356728299999986
24.08175429999999
24.64809779999999
24.05632689999999
24.49146119999999
25.157381899999997
24.640894999999986
25.44567939999999
25.36124899999999
25.387926599999993
25.48220519999999
25.5852279
24.657117199999988
24.30446339999999
24.11220979999999
25.5045595
25.025894599999987
25.178708799999992
25.004015199999994
25.543846500000004
25.645589699999995
25.52572889999999
24.33942289999999
24.027332199999986
24.116618399999993
25.183935199999993
24.56394479999999
25.000658799999997
23.692665399999996
23.848134299999998
24.733486099999997
23.566715099999993
24.84851819999999
25.037540799999988
24.945820499999996
25.37772339999999
26.13506139999999
24.78278809999999
25.730779899999995
25.20895279999999
24.367086999999998
24.178877599999986
24.204685899999994
23.995956599999996
25.517127000000002
23.990209699999987
24.84979329999999
24.6301952
24.398857200000002
24.199245599999994
24.06958969999999
24.336302899999986
23.909826099999986
24.966195099999997
24.043042599999985
24.338231999999994
24.693414199999996
25.09020669999999
24.424565399999995
25.4951432
24.8422537
24.79016159999999
25.40960509999999
25.084939699999993
23.6742672
24.049448999999996
23.363903499999996
24.03514579999999
23.781948799999995
22.937430499999994
23.2880285
23.087430599999998
23.732112199999996
24.165790999999995
24.236966999999996
23.765911499999994
24.6672725
23.154884000000003
24.3339754
23.892149300000007
23.346974500000005
22.967713199999995
23.269136299999996
22.98542899999999
22.934002899999996
23.0937213
23.47937079999999
22.703907499999996
22.4243362
22.209464299999993
22.738045899999992
22.6465309
21.9486528
21.778475699999998
21.88479949999999
21.787391099999994
22.1977373
21.816102899999997
21.6662562
21.122525699999997
21.9694758
21.2852562
21.576394899999997
21.7826484
20.937674299999994
20.875669899999995
20.862104099999996
20.6642573
21.105649600000003
20.3806495
20.5262052
20.380649499999997
20.3588755
20.419649499999995
21.027879499999997
20.748833699999995
20.266432999999996
20.7108337
20.666432999999998
20.9643771
20.286433
20.266433
21.048335500000004
20.267433
20.3426495
20.608433
20.3549887
20.452744
20.5688605
20.531391399999997
20.373988699999998
20.3929887
20.768298800000004
20.240772200000002
20.901228
20.400629700000003
20.6207723
20.688926599999995
20.373988699999998
20.6084331
20.488205200000003
20.488205200000003
20.5588389
20.5005444
20.4640427
20.6353905
20.8656799
20.5008774
20.575521300000002
20.728737799999998
20.665483
20.247432999999997
20.4449004
20.1702665
20.3929887
20.1142165
20.247433
20.0171474
20.02
20.8561665
20.0
20.1202279
20.0
20.0
20.1332165
20.02
20.286433
20.1645557
20.1455557
20.0
20.447790299999998
20.018050000000002
20.329694900000003
20.018050000000002
21.045483000000004
20.3681304
20.835344699999997
20.4680118
20.5607057
20.289211400000003
20.568983499999998
20.982845299999997
20.4177171
20.3048336
20.647783599999997
20.3697339
20.3092114
20.847033199999995
20.786063199999997
20.7923393
20.4679832
20.3224275
20.761
20.5595444
20.7111114
20.488983199999996
20.4323393
20.4615254
20.6731115
20.717439300000002
20.584222800000003
21.000655700000006
20.5037818
20.745755400000004
20.4503393
20.4243279
20.747327900000002
20.525555700000005
20.674527200000004
20.1645557
20.718401800000002
20.3507826
20.2721114
20.525555699999998
20.5635558
20.377226099999998
20.278455800000003
20.659455800000003
20.5685441
20.3870115
20.2604558
20.240455800000003
20.2534444
20.8417029
20.503080399999998
20.2597722
20.019000000000002
20.629733599999998
20.5851282
20.126555699999997
20.0
20.1142165
20.1465557
20.05705
20.4850304
20.019000000000002
20.4
20.02
20.342950000000002
20.1465557
20.5202279
20.4875557
20.679301100000004
20.1802279
20.361
20.533216499999998
20.126555699999997
20.2051282
20.2251282
20.1402279
20.2467836
20.1202279
20.126555699999997
20.0
20.0
20.3183447
20.4087436
20.152216499999998
20.5132165
20.1758718
20.1532165
20.1402279
20.02
20.272444399999998
20.2534444
20.361
20.126555699999997
20.0924425
20.4
20.02
20.02
20.36295
20.38
20.0
20.0
20.167078200000002
20.1332165
20.3707436
20.3373447
20.0
20.1392279
20.1332165
20.0
20.0
20.38
20.9206743
20.1958718
20.3090883
20.2900883
20.0334376
20.185128199999998
20.3063061
20.1592279
20.185128199999998
20.0
20.266433
20.287314300000002
20.549564399999998
20.019000000000002
20.019
20.019000000000002
20.1948718
20.2112383
20.76
20.152216499999998
20.399
20.3573447
20.1304425
20.019
20.262513900000002
20.019000000000002
20.2431282
20.1702665
20.436999999999998
20.057
20.252871799999998
20.038
20.07505
20.019
20.3114444
20.2909218
20.2328718
20.4467936
20.5697503
20.1951908
20.5265557
20.6890883
20.4438588
20.185128199999998
20.5294082
20.2797721
20.2029761
20.1202279
21.2880782
20.249069199999997
20.2552206
20.924149699999997
20.0
20.0
20.3596011
20.3521497
20.5702665
20.2797722
20.3383447
20.0
20.0544756
20.1263215
20.908300500000006
20.8041901
20.232238300000002
20.2512383
20.6185661
20.164020800000003
20.2905765
20.424476600000002
20.272753400000003
20.627528400000003
20.442857900000003
20.508284900000007
20.576601
20.196601
20.081450500000003
20.192891100000004
20.3068662
20.457498
20.3772901
20.2014183
20.1628458
20.156518000000002
20.161845800000002
20.4162901
20.036290100000002
20.172710600000002
20.1609433
20.3561346
20.0
20.0
20.0
20.0
20.5912497
20.1455557
20.1402279
20.1202279
20.618919700000003
20.1532165
20.381
20.0
20.2138718
20.1332165
20.5748718
20.3424536
20.6407222
20.6794558
20.586659
20.273111399999998
20.4509118
20.4479832
20.1455557
20.4253279
20.2857836
20.243128199999997
20.1912165
20.830247099999998
20.7574558
20.409557699999997
20.5073162
20.3155358
20.598228
20.7339156
20.1992279
20.317772199999997
20.2362279
20.468219899999998
20.421356100000004
20.3564558
20.369683199999997
20.513999999999996
20.3944558
21.148111399999998
20.255227899999998
20.324266499999993
20.996227899999994
20.255227899999998
20.375455799999997
20.17299999999999
20.707734899999995
20.4491497
20.478406099999997
21.202833599999998
20.694719399999993
20.417704099999995
20.624722299999995
20.3793005
20.692033900000002
20.499406100000005
20.580710899999996
20.359578799999998
20.5937337
20.880815499999997
20.655194600000005
20.953881100000004
20.791135499999996
20.585408199999996
20.780723599999998
21.150579000000004
20.627426800000002
20.640932300000003
20.967259799999997
20.8229131
21.163153
20.6768583
21.0426063
20.469494400000002
20.9426918
20.906486599999994
20.684772299999995
21.106168599999997
20.583734500000002
20.580432999999992
20.389216499999996
21.264266499999994
20.866216499999997
20.834177899999997
21.65447289999999
22.2774462
22.7235899
20.429999999999996
21.349444400000003
21.113999999999997
20.751049999999996
21.208999999999996
20.546049999999994
22.279216499999993
20.64399999999999
21.36499999999999
22.36087179999999
22.147147399999994
20.81212819999999
23.037783499999996
21.250999999999994
21.309999999999995
21.333738199999992
21.492128199999996
20.966109199999995
21.212
21.3391282
22.787999999999993
21.30614739999999
21.006307899999992
22.217078199999992
22.16399999999999
22.907999999999994
21.328049999999994
21.32704999999999
20.789178199999988
21.015189299999992
22.079442499999992
20.76312519999999
21.62499999999999
22.562871799999993
21.744871799999995
21.740049999999986
22.13107269999999
21.741099999999992
22.361425599999997
22.750999999999994
24.021999999999988
26.197256399999997
24.495099999999997
24.248477499999993
21.81704999999999
25.33571999999999
22.30122789999998
23.74036889999999
23.13306919999999
24.8316421
24.09224739999999
23.502199999999984
25.8132181
25.06888959999999
26.108622900000004
27.75444469999999
26.279812699999994
27.144966499999992
30.320319200000004
30.186250000000005
27.5243974
28.74034999999999
27.59447479999999
26.72919999999999
27.8523383
27.924911300000005
28.228297399999995
26.914730399999986
28.3289218
27.888190999999992
29.16504849999999
30.33604999999999
31.85609999999999
30.429100000000002
30.589903099999994
32.464833799999994
34.98634740000001
33.4672974
33.19934739999999
36.7165093
32.446113200000006
38.720525
38.36292490000001
37.5279721
37.9692974
38.57884249999999
40.2692974
40.1846485
43.299213200000004
41.60607180000001
40.216338300000004
40.27210000000001
42.951366500000006
45.090773100000014
44.68010000000001
47.6241
46.92210000000001
47.266902500000036
45.5289203
48.36239010000001
48.50392180000001
47.0680868
49.64492180000001
47.68505000000001
49.58935310000001
48.36514740000001
51.332000000000015
52.98007820000001
52.52569390000001
53.6228203
52.41400000000001
51.369049999999994
52.978689900000006
54.31305000000001
53.680444800000004
55.77700000000001
55.22212820000001
55.221128199999995
55.778
55.2128718
56.518
55.054050000000004
56.518
54.296000000000014
54.5123128
54.29500000000001
54.597833500000014
52.889100000000006
54.54497180000001
53.846412799999996
55.1101
55.11010000000001
53.628099999999996
53.6281
54.54936280000001
51.84452970000001
53.665150000000004
53.039366500000014
53.7773974
52.08078850000001
52.313312800000006
52.3704256
52.85405000000001
50.99405000000001
53.59405000000001
52.168150000000004
52.89110000000001
51.6145639
52.96234739999999
51.684475600000006
51.2503358
52.9623474
53.1835256
52.9983974
51.192562900000006
52.298397400000006
51.8963974
51.0542195
50.76565380000001
51.553447399999996
50.2293192
49.74479220000001
50.155625300000004
50.895219200000014
51.78624739999999
51.5121132
51.556513900000006
54.40529740000001
51.6284256
50.15421920000001
52.14810000000002
51.892613499999996
51.793041
51.422297400000026
53.13874170000001
53.68144480000001
53.911080899999995
54.367247400000004
54.5069718
53.968285300000005
50.83503560000001
54.51803560000001
53.03703560000002
54.2717562
53.814085600000006
53.9998077
53.30381910000001
53.54600250000001
54.0314799
53.451232999999995
53.140594300000004
53.222163800000004
54.415782200000024
54.20544670000001
53.91640610000001
55.77700000000001
53.7737372
54.5837524
53.6281974
56.518
55.2128718
55.9631282
55.77700000000001
56.1534328
55.77700000000001
55.77700000000001
55.778
55.9811282
56.037772100000005
57.25899999999999
57.638999999999996
58.0
58.0
58.0
56.1214061
56.0109218
56.0470692
56.519
57.5647835
56.6938718
56.91605
56.6948718
55.999275600000004
56.8223775
56.3148718
56.8330367
56.55505
55.355509299999994
56.129743600000005
54.8094653
56.7421282
55.814049999999995
56.6938718
56.138999999999996
55.75899999999999
55.778
54.4991782
55.3064004
56.82549950000001
55.094049999999996
57.26
56.104802500000005
57.60295
56.52
55.78
55.224128199999996
53.6429632
54.4728718
54.4728718
55.05700000000001
53.6103401
55.5646154
55.4341474
54.658
53.93600000000001
55.2216654
55.9482497
55.8311974
56.044119200000004
56.0114443
55.832197400000005
56.7309218
56.3616654
55.09019740000001
55.6100192
56.202843599999994
54.7127672
56.59024740000001
55.4438436
55.30226189999999
55.2953256
54.7486939
56.1446925
56.0363256
55.9880692
56.5673161
55.28411919999999
55.44731610000001
56.518
56.5
55.437
56.4530339
56.633216499999996
55.778
57.25899999999999
56.578
55.2138718
56.7221282
54.963235700000006
56.3338718
55.038000000000004
55.398
56.3231282
57.2452843
55.952871800000004
55.07459390000001
55.572871799999994
54.4918718
55.2669718
55.777000000000015
55.9148718
54.2667436
55.9338718
53.518950000000004
55.037
53.7318718
55.425256399999995
56.747783500000004
55.943128200000004
57.25900000000001
56.240429299999995
56.55414740000001
56.663555699999996
56.536049999999996
58.0
58.0
57.587562399999996
56.758262800000004
57.981
56.6532165
57.333197399999996
57.26
56.365299699999994
57.278999999999996
56.7309218
56.518
57.3624293
56.86095
55.799
56.8697436
56.089048700000006
57.928655
58.0
57.039674299999994
57.26
55.2138718
56.0099718
57.24
56.5
56.001128200000004
56.536049999999996
56.16725640000001
57.296049999999994
56.820533
56.7119218
55.644783600000004
58.0
55.25917820000001
56.158
56.2408936
55.422733900000004
56.52
56.3395061
55.79705
55.1948718
55.212921800000004
55.3266006
53.5551474
54.586600600000004
53.4665031
54.9848024
55.149728800000005
55.702936099999995
56.5361474
57.26
57.26
57.26
55.40512150000001
55.798
56.2016554
55.416000000000004
55.342356099999996
56.12974360000001
55.2710614
54.1098718
54.760960100000005
55.4077436
55.739487200000006
54.11087180000001
53.93504999999999
56.058398600000004
55.814049999999995
56.5
55.20861800000001
57.3635268
56.536049999999996
57.928655
56.3368545
56.0932921
55.4865086
54.749728999999995
54.5420078
56.3487514
55.8794203
55.9174203
54.0692626
56.0547956
57.3857293
57.29705
57.39397629999999
57.421703099999995
57.3312474
56.55505
56.52
55.038000000000004
55.89922790000001
55.038000000000004
56.033111399999996
58.0
55.18419980000001
56.538000000000004
55.892216499999996
57.2239
55.7632265
57.278999999999996
56.55605
58.0
55.842429300000006
57.26
57.25899999999999
57.27805
56.157
56.0334444
56.684049400000006
55.9129169
56.8536722
56.6924253
56.878142499999996
56.166021
56.638227900000004
55.930266499999995
55.919479300000006
56.52
56.657227899999995
56.080833600000005
56.2140501
56.190577499999996
55.0313861
55.6539833
56.663555699999996
55.9821282
56.873271599999995
57.4434143
56.7216572
54.4740677
53.9106722
55.368006199999996
55.586750300000006
54.154835700000014
53.8010982
55.4295224
56.538000000000004
54.678000000000004
57.25900000000001
56.7221282
56.1628215
54.9471586
55.77700000000001
53.85109969999999
53.64524740000001
55.3311248
53.484161400000005
54.573822199999995
55.81405000000001
53.9018981
54.92544609999999
55.253803100000006
54.190682699999996
53.32577270000001
54.62159439999999
55.313711299999994
54.0613474
54.2276094
54.508377900000006
54.0432974
52.07439440000001
53.4835602
53.248783700000004
54.1061385
53.8695558
53.60308870000001
52.353050200000006
53.905006199999995
52.44165580000001
53.15258300000001
51.84091450000002
51.95636660000001
51.83487230000001
53.1623478
52.901687200000005
53.856533000000006
53.476062
55.247069200000006
53.73282230000001
54.664047200000006
55.788722299999996
55.185666600000005
55.6505883
55.9342779
55.7250305
56.2334319
55.1303267
54.72824740000001
56.63822789999999
55.436872
54.778227900000005
55.392672299999994
55.364655
55.633789699999994
56.855017600000004
56.41795219999999
55.707708700000005
55.86042929999999
55.746775299999996
56.327860400000006
54.711327600000004
56.2488717
56.764359400000004
56.9171594
56.837208000000004
57.489971800000006
56.8150997
57.25899999999999
56.52
57.25899999999999
57.4874487
57.3732165
57.318999999999996
56.6850782
56.0363011
57.36850570000001
57.9062075
56.7873143
56.538999999999994
56.0114444
56.775479100000005
57.170604999999995
56.238079799999994
56.722985599999994
54.0408086
56.17514740000001
55.3259496
55.869247400000006
55.8121974
56.5884875
56.9465366
55.6391782
57.385555700000005
56.6322165
56.190563999999995
55.443979799999994
56.536049999999996
57.4348718
56.1097436
56.16000000000001
54.9245657
54.56608829999999
55.5402579
53.6765705
53.2202548
55.07359129999999
54.6331865
56.0979415
54.357448700000006
54.32695939999999
55.12268730000001
55.596218099999994
56.07136189999999
56.6322165
55.461207300000005
55.27748619999999
54.833521299999994
55.4213048
54.7531665
55.219911200000006
56.062466199999996
56.879
55.3340997
56.1522667
55.0496615
53.19664950000001
54.58508830000001
55.452643900000005
54.490871800000015
55.53888849999999
54.8365958
55.55855120000001
56.55505
57.4302497
56.86
56.2450004
57.915036799999996
55.490693900000004
56.7205958
58.0
57.25899999999999
56.6938718
58.0
58.0
58.0
57.4548718
56.105850000000004
56.8034662
57.4348718
57.4348718
58.0
57.439737199999996
58.02
57.25899999999999
55.68770430000001
55.7857461
55.02213830000001
57.4348718
57.16520750000001
56.1451215
56.4163011
57.0878604
57.0678604
58.0
57.24
57.2693887
57.4348718
57.385555700000005
57.4358718
57.416871799999996
56.4563447
56.3046154
55.432712
56.8080883
56.0880883
56.898
56.194050000000004
56.1866961
56.5413944
56.9770383
55.787743600000006
56.7822447
56.8143511
57.092960000000005
56.2712165
55.072465599999994
55.343802399999994
53.8234634
54.366155199999994
56.163940999999994
55.388481299999995
55.3206658
55.1239101
54.906515799999994
55.175037999999994
54.91890559999999
54.3100484
55.2978319
53.642688199999995
51.818345800000024
53.0388875
52.741891700000004
52.2656451
52.73376149999999
53.310306600000004
54.5800769
55.07329339999999
53.6919801
53.6644506
52.85731630000001
52.0277288
54.09366779999999
54.46047610000001
53.65793209999999
52.2712183
51.693655799999995
52.368017000000016
53.196481299999995
53.45907690000001
52.56223240000001
50.5544823
52.5514858
51.65444339999999
51.6026604
51.80599709999999
51.885772700000004
51.2687591
51.68414009999999
53.55312489999999
53.672150099999996
52.0221077
51.9081355
51.3739689
53.0318983
50.86922659999999
51.7627898
52.7238833
52.79380269999999
52.38372190000002
52.25968769999999
50.48875410000001
51.910042200000014
52.46830650000001
51.7688551
51.3388731
52.90758899999999
50.645006599999995
51.5726531
51.721246
51.324914
51.194730899999996
53.01684
53.1422289
53.77104220000001
54.113554
53.985536499999995
53.918031199999994
55.60339609999999
55.5032072
55.2045848
55.0033668
54.80830950000001
55.5069792
54.16622459999999
53.9096008
54.8534148
54.611346499999996
54.881547100000006
55.21101110000001
55.07763
54.90116009999999
55.243221000000005
54.1209102
55.0475633
55.7919895
55.3073354
56.050157399999996
55.9179482
55.45287570000001
54.9558644
54.825164300000004
54.2913469
55.0127617
54.6271119
55.535392099999996
55.5823423
56.1043583
56.1822643
55.588121
57.3171428
55.249051
56.30600710000001
57.7593458
56.276277900000004
57.212315
57.339726
56.11795419999999
56.8026372
56.750032499999996
57.2843382
56.3148718
56.6379598
57.4348718
57.3932165
56.881949999999996
57.4348718
58.0
58.0
55.93582179999999
55.740950000000005
56.6517832
55.7321564
55.4942204
56.9248436
55.937604
56.8697436
56.1176829
56.79886140000001
56.2712165
55.44937410000001
57.910605
57.638999999999996
55.9338718
56.86
57.3319466
56.905501400000006
58.0
56.8676839
56.340373199999995
58.0
57.3817718
57.82121
56.8896461
57.910605
56.3158218
56.7262486
56.225476799999996
56.8697436
55.3759833
57.0773937
55.685163599999996
56.726248600000005
55.78401650000001
55.7136436
56.4556436
55.4965047
54.66131540000001
55.569393600000005
54.5481338
53.8641021
54.353010000000005
55.3408632
54.997969499999996
54.8237003
55.97901540000001
54.533889800000004
55.0450936
54.10907210000001
53.6392534
55.0721483
55.6314926
56.080271200000006
54.3431433
53.46353470000001
55.237820400000004
55.1678711
55.96402790000001
55.7094
56.544143600000005
55.889076500000016
54.5386778
54.593748600000005
56.854576800000025
56.62074920000002
57.2442261
56.3125647
55.83541540000001
57.421600000000005
56.66355000000001
57.4767
57.1204503
57.32667180000001
57.074871800000004
55.17877180000001
56.1991165
56.924365400000006
56.931376799999995
56.488632200000005
56.4203486
56.461981800000004
56.735505
56.5592815
57.074871800000004
57.794826
56.8697436
56.8697436
56.85074360000001
57.4794094
57.458737199999995
57.279088200000004
56.88
56.373128799999996
58.0
56.898
56.88321809999999
56.979458300000005
57.559572200000005
55.563615399999996
56.75921
57.0404602
57.2415516
57.489971800000006
56.7482775
57.380771800000005
57.4006743
57.380771800000005
57.965900000000005
57.965900000000005
57.3661279
57.3910282
57.93060499999999
57.720726000000006
55.857116500000004
56.1981165
57.380771800000005
56.8156436
55.67661050000001
56.250515400000005
53.9403406
54.351547200000006
54.44693080000001
54.332692200000004
53.86114729999999
52.50325180000001
52.9348462
53.507230799999995
53.25301009999999
54.2302681
53.982447300000004
53.982447300000004
53.885312600000006
52.1857111
51.7424473
52.8597462
52.279323000000005
54.9794872
55.174359
53.5443308
55.174359
54.9794872
53.6038817
54.0441026
53.4248744
54.414359000000005
54.4246154
54.96048720000001
54.6194872
55.0077436
54.609230800000006
54.9794872
52.771463600000004
55.174359
55.150322800000005
55.184615400000006
55.148515399999994
55.3108205
54.1805641
54.1196654
55.5592655
55.418093799999994
55.024651999999996
54.4517302
54.4048799
54.3362132
54.414359000000005
54.45952380000001
53.9910026
53.97363
53.984964
55.405046299999995
54.442615399999994
54.054359000000005
55.120259000000004
53.9950776
52.731053300000006
54.26273220000001
54.3124758
54.694109
53.132475799999995
54.1049104
52.559261799999994
52.9581168
53.1427322
52.5878604
52.2149836
50.9225144
50.95177079999999
51.469048699999995
53.4678705
51.939336499999996
53.3241703
52.4316282
52.6256426
52.033208
51.260123899999996
51.852290599999996
50.903430199999995
50.94667519999999
51.6013768
52.04066379999999
52.1288881
52.0246138
53.3787806
52.998301999999995
54.8150054
54.242371899999995
54.69926079999999
54.85708259999999
52.9635812
53.0131168
54.6048658
55.947860399999996
54.7171524
54.7603351
54.9754151
53.89762329999999
53.03656709999999
55.784560400000004
53.141000000000005
53.2964909
54.1105944
55.26553330000001
53.5680267
55.273554999999995
54.6802444
53.39077440000001
54.3275508
53.444776899999994
53.907680600000006
52.137796200000004
53.0389833
52.012740099999995
53.651275299999995
51.82315259999999
54.195643600000004
53.244319399999995
53.1769244
52.11481
53.76299
51.8551872
51.51043000000001
52.084696199999996
50.6617047
52.6708244
53.1469753
52.43880509999999
55.32921540000001
53.5873991
53.3619694
54.748037200000006
54.8962372
54.280384000000005
54.42308720000001
54.3560093
54.293109
54.413343600000005
54.0490526
54.8572372
54.58893110000001
53.2981664
53.3266154
54.8936074
55.1718104
56.2265292
54.5581308
54.9895951
56.654343600000004
54.149709599999994
54.042039700000004
52.47641540000001
53.14331540000001
52.62688330000001
53.6574003
54.50503080000001
52.395001199999996
53.4037257
54.0021615
53.0663083
53.3887863
53.16433080000001
52.873707100000004
54.41535900000001
52.6760333
52.0798936
52.988459000000006
51.4698487
49.474235099999994
49.17923629999999
49.6630416
51.0126986
51.3255673
49.83427050000001
50.796038100000004
52.272129299999996
50.4196305
51.8762608
52.055946700000014
51.79359399999999
50.71254369999999
50.554702899999995
51.41523010000001
50.57770669999999
50.468264500000004
50.471550900000004
51.32063529999999
50.0521998
50.09064759999999
49.729992
48.81691829999999
49.738826800000005
45.475521900000004
47.19492579999999
48.452084400000004
48.046686799999996
46.79052909999999
47.9915308
47.0237473
48.697387500000005
48.8457186
49.0627105
50.481848
50.4257402
49.65454760000001
48.769133399999994
48.3847837
50.10253930000001
50.638346199999994
52.0978936
52.462650999999994
53.9544261
54.1357654
53.3757654
52.8852811
53.620732499999995
52.6111601
53.45114829999999
52.8141014
53.8206657
54.1826157
53.4596657
54.471409
53.2127362
53.20189359999999
53.3957654
52.894090999999996
54.330501700000006
53.977943599999996
54.16409469999999
54.6828436
54.3038436
54.3696939
54.724366100000005
53.04804649999999
53.7256901
53.540074700000005
53.7375584
54.4870564
53.95500000000001
53.5818436
53.502049099999994
52.7667436
50.2538658
51.10693139999999
52.97522480000001
52.4911
52.4544397
52.719873299999996
53.05812820000001
52.6434679
55.0198525
55.3221692
54.0346349
53.8884661
54.3047936
55.196771799999986
55.148515399999994
55.277228199999996
53.1813333
54.304793599999996
55.98832189999999
55.069810100000005
56.6680782
56.19641540000001
56.0964685
57.380771800000005
56.870743600000004
56.872646100000004
54.9995846
55.04991400000001
55.1058864
54.6004872
54.8632535
55.0861376
55.4826718
56.6027218
56.09544860000001
54.7514654
57.3256718
56.72107220000001
56.661624200000006
56.870743600000004
56.1872913
57.0678604
56.50613680000001
56.3246154
57.4348718
56.591358899999996
56.86095
56.7221782
56.8697436
56.347433
58.0
56.9082564
57.489971800000006
57.4348718
57.9459
57.4631282
57.4348718
57.9649
57.0786578
56.658724299999996
57.9459
56.6938718
56.3066154
56.8697436
56.44383869999999
56.552907
56.8165461
56.8697436
56.2768718
56.325517899999994
56.86085739999999
56.3431282
56.34642040000001
56.231021199999994
55.7685419
55.6986206
56.669899400000006
57.4990994
55.9120052
56.776149399999994
56.3837491
56.3789568
55.80517760000001
55.7975835
56.4044474
56.9349712
54.9250604
55.16679740000001
56.30938249999999
55.605026399999986
56.05414940000001
55.862227600000004
55.1087493
56.448877
57.2141208
57.421370399999994
56.99887150000001
57.379227900000004
55.7458314
56.622735000000006
55.238183
55.248768399999996
56.1020608
55.3969074
55.262070599999994
55.769828600000004
56.1841686
55.682494399999996
53.7754965
56.091947
56.6570752
56.208395
55.7788574
54.9393619
55.7968099
54.9785905
54.4010708
53.4220267
53.0563894
53.542673199999996
53.373001800000004
52.5939927
52.664828
51.66605979999999
51.63086189999999
51.39568899999999
50.1596847
52.365236700000004
51.775720899999996
51.770748499999996
51.1392026
50.68378719999999
52.375014699999994
52.1991429
52.6928154
52.8579436
53.24074019999999
53.1001218
54.323701
53.2292311
53.222211200000004
54.451409000000005
54.27197
54.585751099999996
54.99848720000001
54.498416799999994
55.0375158
56.05839860000001
56.11178159999999
55.804579
56.7283793
56.21219740000001
56.7118145
57.4348718
55.2327742
55.5816654
56.6748718
56.7221782
56.872842600000006
57.453921799999996
56.8697436
55.5927743
55.9066459
56.6880879
56.6626057
56.943507800000006
56.898
56.1204061
56.276277900000004
56.30561540000001
56.7119218
55.4238436
55.7497436
55.4337634
54.1728153
56.0783011
54.517132000000004
55.201193999999994
54.7574749
54.5460218
54.4919218
57.4348718
56.8998574
56.6193034
57.29705
58.0
58.0
58.0
55.4336759
57.3093161
56.73444429999999
56.7119218
56.86195
56.939491
56.7221782
54.835971
56.7051282
55.9983256
56.55705
56.6510282
55.4902474
56.6851282
57.4006743
54.8358349
56.8249
56.843900000000005
57.2941974
56.5448435
57.96295
55.3480695
57.26
55.4990477
56.7968221
57.0729218
55.952921800000006
55.901637599999994
55.45115
55.4936225
55.433099999999996
57.27705
56.0251192
55.767306399999995
56.3421782
56.17505
56.3821782
57.0182279
54.6731
55.5899126
56.646445899999996
55.556724300000006
56.86195
55.4692095
56.7221782
55.224366499999995
56.3319218
57.62
54.848211899999995
55.487297399999996
55.2489718
54.774541
55.4238436
54.9980519
55.2860218
54.8571183
55.1244901
54.85822819999999
55.0780226
53.9267568
53.0903282
54.35014999999999
55.5909218
55.8264392
55.9992282
55.83115
55.447711500000004
56.230247399999996
56.5541
56.5741
56.0172282
57.619049999999994
55.2660217
55.7941
55.863773099999996
55.4151
56.1361
57.24
56.174099999999996
55.83115
55.524347399999996
57.240950000000005
56.706334500000004
58.0
56.5541
56.590247399999996
56.400629499999994
55.9435924
57.0961168
57.26
55.0413778
56.285555599999995
58.0
56.1106492
55.5663165
58.0
56.55605
57.29705
58.0
56.590247399999996
56.159986800000006
56.3046154
56.9416553
56.4275443
55.49014999999999
56.21364390000001
55.3400338
56.5541
55.085758999999996
55.3445943
56.0538721
55.435952500000006
56.5541
55.83115
54.5430718
55.45309999999999
53.220169500000004
53.66063749999999
55.433099999999996
53.968199999999996
51.8725474
52.1149936
51.71990679999999
51.651271799999996
52.57935
52.66207179999999
53.4777157
54.00525
54.36625
54.5430718
55.2660218
55.8482974
55.72621709999999
55.6785094
55.3361033
55.114331199999995
54.6686689
53.970059899999995
55.5963564
54.8746545
54.698349099999994
54.3461427
52.564879600000005
55.301618500000004
53.2032561
54.79349740000001
54.2655188
53.2539249
54.375625799999995
53.87537550000001
53.69880380000001
53.6645566
54.21325269999999
55.052591199999995
53.805625199999994
54.1846752
54.642564
54.7936515
53.6269058
54.313931800000006
53.946447
52.5740646
54.3350551
52.406439899999995
53.98014089999999
53.25641719999999
49.855699999999985
51.5920716
53.98365349999999
53.61883170000001
55.35983889999999
53.94514530000001
55.3872808
54.287233300000004
56.0902808
52.8779672
53.466461899999985
52.434342799999996
53.71262549999999
52.9338962
52.669369199999984
54.403408299999995
53.0709116
54.2963761
53.4342833
52.35084649999999
53.61873249999999
51.4999341
53.0281124
53.51145399999999
52.94263070000001
52.75369479999999
52.0401418
52.4928905
53.565283799999996
50.5496046
51.099766200000005
51.5822504
52.523803900000004
52.550164900000006
53.31561550000001
52.1320244
52.521934200000004
49.84139319999999
51.0146658
49.798661599999996
50.1417471
50.304441300000015
49.383430900000015
51.2247351
51.46382780000001
51.043920100000015
51.6615791
51.9906275
51.02379960000001
52.92141290000001
51.72649140000001
52.475733
50.4168901
50.40165940000001
51.7838193
49.690993199999994
49.762167600000005
49.84875520000001
49.1016209
46.508332800000005
46.39081250000001
48.8561712
47.50352030000001
48.30466980000001
49.092316000000004
50.412267899999996
51.089561
49.356926
50.2719122
48.9482047
50.841481800000004
49.58539160000002
49.83050940000001
50.52960540000001
51.48538740000001
53.20044590000001
52.3319332
52.5321958
52.7566975
53.044645100000004
52.72858529999999
51.8181399
50.16555320000002
50.551130000000015
50.55267410000002
50.73937450000001
50.924792800000006
52.334854400000005
50.70176430000002
51.356983200000016
51.863827100000016
50.97573340000001
51.92867470000001
52.620678099999985
52.62328929999999
54.20834810000003
52.49906849999999
52.203355599999995
53.9877039
53.148232500000006
53.166716400000006
53.8186809
52.577675200000016
53.476144000000005
53.3033884
53.769217300000015
53.2360467
54.006568400000006
51.6770008
54.30883680000001
53.84725770000001
53.38641630000001
53.48386450000002
53.625511700000004
54.14895090000001
55.408996200000004
53.80992339999999
55.11584619999999
55.63072270000001
54.5727137
54.66419290000001
53.27144840000001
54.912143699999994
55.21964260000001
54.8589074
54.5048484
54.17463640000001
54.828428599999995
54.047217100000005
54.231978899999994
52.89154760000001
52.80133460000001
53.198834100000006
54.67286730000001
54.83232899999999
54.94824780000001
54.8903928
56.5792312
56.148590000000006
57.2876081
56.525121399999996
56.8044114
56.8697436
56.22347260000001
55.5443521
55.201092900000006
56.0185299
55.607902
55.113216200000004
56.694359000000006
55.8236581
57.629743600000005
56.6235564
55.99368630000001
56.072727300000004
57.0608957
56.22252259999999
57.2071422
57.0646154
56.7148718
57.0605589
56.84807140000001
56.817496
55.72425260000001
56.8984872
56.347444599999996
54.8310563
55.95485820000001
55.19113450000002
53.94159079999999
55.09982480000001
55.00356680000001
53.714037199999986
54.85696760000002
54.33547359999999
55.750718
53.651888899999996
55.598967600000016
54.60112160000001
55.147572600000004
54.6755116
55.8019603
54.59044759999999
55.1703805
55.357592999999994
54.93250960000001
55.44926670000001
56.51435220000001
55.46081829999999
54.17457060000001
56.14873000000001
55.45419750000001
56.17336420000001
54.555077600000004
55.301433400000015
55.255480399999996
55.11051710000002
54.417268500000006
54.316964000000006
55.809143299999995
55.44292740000001
55.13881610000001
54.260519
54.04780699999999
54.0561608
53.09865639999999
53.2997573
53.66332179999999
53.64155220000001
54.27395549999999
53.205525800000004
54.1562026
54.32283
53.41693299999999
52.909345800000004
52.3088306
51.899944299999994
52.80271350000001
53.05195669999999
53.8647402
53.080656399999995
53.9159656
54.2188491
55.967736800000004
52.7093526
54.028956
53.3587895
54.69307440000001
53.1013735
54.66573689999999
53.8718473
54.9160671
54.12105509999999
53.4720671
54.0193308
52.8859017
53.64924060000001
51.156844
52.85199790000001
51.8758612
52.7200936
52.8832773
53.4426735
53.019614200000014
52.6996363
52.7111754
51.384884600000014
51.3291839
52.3658927
51.55091059999999
53.4256235
54.004277300000005
53.300840099999995
53.777639799999996
53.1161623
53.63256560000001
55.056461600000006
54.39529050000001
53.9711462
52.270075100000014
52.62309220000001
52.1819992
54.556233700000014
54.29512009999999
54.5673059
54.0469713
54.723768
54.51863979999999
55.24063980000001
54.403512
55.427718000000006
53.99810810000001
55.3984616
54.385512
54.51815259999999
54.360004100000005
56.14871800000001
54.2349928
54.025512
53.609171800000006
55.0740244
53.961818
54.8035306
53.86700580000001
54.704718
54.06636590000001
54.31594880000001
53.0478706
52.519255199999996
52.3865646
50.761796799999985
51.11699919999998
51.49260819999999
51.8613886
54.8347706
52.53593980000001
51.796305200000006
53.574486
52.184692700000014
50.5343082
50.137697900000006
51.399229600000005
48.035009
49.87563959999999
48.72278720000001
49.804811600000015
49.013112
49.84144620000001
48.687369999999994
50.17905519999999
49.3654237
50.621464800000005
50.8986888
52.124123
49.978317100000005
51.647837200000005
50.3440898
52.475332
52.5334294
52.044034599999996
51.93077790000001
51.71455789999999
52.405177300000005
52.2738068
53.83088720000001
54.5256734
55.11017180000001
54.7399154
53.920855700000004
55.1616594
55.6606751
53.2716628
55.10922180000001
54.388221800000004
53.2479723
54.3480022
54.42241919999999
53.5373131
53.5848286
53.451390700000005
53.150349999999996
53.1088872
53.3301628
52.5979564
53.47972820000001
52.657529
51.517865699999994
52.164759000000004
49.511841000000004
51.1623602
51.9011376
51.875205300000005
50.65719430000001
50.7250023
49.731565700000004
51.4988564
49.163438600000006
48.9699564
51.008383900000005
49.98744810000001
50.7318043
51.014354000000004
51.457574000000015
51.280068
51.6323209
51.5121767
50.91023370000002
51.23417699999999
52.520255199999994
50.589921000000004
53.038614200000005
52.51830520000001
50.722561600000006
51.424148800000005
51.75602389999999
51.994686300000005
51.0363296
50.89017699999999
52.18324620000001
51.503680599999996
51.32887819999999
51.4929193
51.02536680000001
51.6136398
51.729804
52.66787060000001
51.39300550000001
52.924709
53.376511900000004
52.369324399999996
52.334126999999995
52.52074239999999
49.949586100000005
52.129536
50.9406646
48.14030219999999
50.9402018
48.723227000000016
49.26840260000001
52.1119732
50.897555200000006
51.62881159999999
50.354889799999995
49.61084240000001
49.07302059999998
48.635546
50.1506142
50.1148999
49.3937537
49.24214620000001
49.5859488
51.53761420000001
51.6126398
51.83437710000001
52.56721830000001
52.0440387
53.205179599999994
49.795970600000004
50.7641085
51.461318
50.890127
50.18326160000001
52.250795
48.55370520000001
49.774735600000014
50.1838171
48.72229880000002
48.502973200000014
48.151692399999995
49.68059570000001
49.04030780000002
49.606986000000006
48.88618
50.9905523
50.248889600000005
50.9058616
52.13243600000001
50.89107699999996
51.649720900000005
50.40212089999999
49.96854000000001
51.440251700000005
49.625508100000005
51.0716697
52.6683078
50.890127
51.7592796
50.52681160000001
49.978388900000006
50.37238630000002
48.78813670000002
49.779357800000014
49.2591706
47.97544610000002
50.6781796
48.688077000000014
49.97039349999999
49.229474599999996
49.857402
51.197416699999984
51.293845400000016
51.09798369999999
51.94535779999999
52.563347699999994
51.16031590000001
50.919451900000006
50.3546175
49.983889899999994
50.03082639999999
50.76329259999999
51.442338899999996
51.425288900000005
49.8655764
51.68527139999999
50.082962399999985
49.6456453
51.5681395
50.9726995
51.168850299999995
50.99912199999998
50.4175619
48.858911100000014
50.8757491
50.3635927
52.48222960000001
52.11243600000001
49.79539669999999
51.362718400000006
51.84213169999999
52.278828800000014
50.3352052
51.0094641
49.01006769999998
48.116831899999994
47.784565199999996
45.738030699999996
46.43125470000001
47.63728079999998
44.067700099999996
46.54782759999999
48.6065053
46.511314899999995
46.827991300000015
47.6043655
46.79635570000001
43.803734900000016
47.26684780000001
48.72111460000001
49.76326969999998
47.7102952
47.96791139999999
45.06018360000001
44.62782760000001
45.01257120000001
43.14818389999999
43.97787340000001
41.821206800000006
43.1150312
43.837744300000004
41.2420952
45.101843200000005
45.493589899999996
45.1173661
46.83286700000001
46.795830399999986
45.5212909
44.2482339
46.4295797
46.0065878
47.92860519999999
48.2629603
47.5335031
48.38448980000001
48.09949710000001
48.374572500000006
48.833524799999985
49.5187048
49.97235270000001
48.37120910000001
51.1973012
47.929697800000014
50.97262600000001
50.72556760000001
49.6369045
49.99653379999997
48.315769700000004
48.6271226
49.3036067
49.445856299999996
50.46167810000001
49.673904000000014
50.037233099999995
49.22593260000001
50.83012260000001
52.217155399999996
52.47508320000001
51.945972899999994
52.3371905
52.95014429999999
51.61627700000001
51.5547521
50.98564059999999
52.41959940000001
50.29515189999998
51.013307600000005
51.829369100000015
52.8567184
51.98251390000002
51.8566207
51.3690992
51.38463359999999
53.202780000000004
51.4571112
49.880299400000006
49.0726428
51.13005410000001
51.272911199999996
52.3213938
52.12446529999999
51.72948829999999
52.412586100000006
53.1851455
54.395214300000006
54.2091361
52.899450600000016
53.8295541
54.3560329
53.4868839
53.267208199999985
51.935189
53.9901582
54.320595000000004
52.78573330000001
53.51747690000001
53.90920360000002
53.491170500000024
52.561595800000006
52.0602868
52.39748010000001
49.80623900000001
52.84883780000001
52.66601290000001
50.652648000000006
52.06104719999999
53.138959200000016
53.7878092
53.717016000000015
52.82522790000001
52.7643248
51.84248470000002
53.202082200000014
52.3978995
53.534337000000015
52.423560300000005
53.837804700000014
54.09100890000001
52.838742399999994
51.74179690000001
54.064780400000025
52.75763640000001
51.7720364
53.75347180000001
51.869236
52.3145304
52.82362060000001
51.80758070000002
51.7915261
52.00865220000001
51.64356720000001
53.8126386
51.43319579999999
52.39317780000001
52.0669668
50.8066034
51.5624563
51.4756379
52.11580600000001
52.934267600000005
51.8937714
51.83433750000001
53.70364620000001
54.557274400000004
54.0132561
52.04427369999999
53.02157070000001
53.429732099999995
53.468939199999994
53.3304019
52.9305257
52.553331099999994
52.0567781
52.197851299999996
51.8310837
53.03315070000001
52.09853089999999
52.646303499999995
51.08661779999999
52.52984049999999
51.2575388
52.0064666
51.03516629999999
52.9041255
52.283057
51.9297875
53.46940629999999
55.546097
53.9568947
53.7944387
51.648096499999994
51.545902500000004
49.81331910000001
50.419377600000004
51.662395499999995
51.05684600000001
51.3678199
52.01831390000001
52.4377008
53.531906199999995
53.771732
54.756364600000005
55.2941029
54.305781100000004
54.73152950000001
56.460720300000006
54.830747599999995
55.6320938
54.93731309999999
55.604875500000006
56.554147400000005
56.1631214
56.106813300000006
55.7612857
56.6915983
55.7708553
55.53047860000001
55.00822480000001
55.6987819
54.4160727
57.629743600000005
55.781171400000005
57.28779360000001
55.4226628
55.048946900000004
55.7631214
55.9170252
54.990984600000004
56.51200370000001
56.2275376
56.021459400000005
55.5175593
56.436749500000005
54.8493653
54.9775094
55.06981760000001
55.51176580000001
55.6804594
55.149266499999996
54.106316500000005
55.5455566
55.4874401
55.8808777
56.896100000000004
56.9300912
56.538999999999994
56.9341
56.88
58.0
56.589487600000005
56.5541
57.26
58.0
57.011266500000005
57.095789700000005
56.9882974
56.9151474
57.258050000000004
58.0
57.25899999999999
56.89705
56.3968221
56.790126300000004
57.3802279
56.5912474
58.0
58.0
55.089247400000005
56.55705
57.24
57.0683165
57.65705
56.778772100000005
57.0002279
56.1999154
56.663555699999996
58.0
58.0
57.330344999999994
55.417049999999996
57.333197399999996
55.4711974
56.57705
57.25899999999999
57.2941974
57.347537599999995
57.481275700000005
57.29705
56.55605
54.369247400000006
55.81705
55.81605
57.29705
55.909247400000005
57.4738718
55.3857658
55.1302474
56.8828525
56.2330999
56.5941
55.8531
56.5941
54.10525
55.45705
55.15115
55.247698299999996
55.1843474
53.70866189999999
54.7656576
55.525347399999994
55.90358749999999
55.328034599999995
56.9541
56.2141
54.424587599999995
55.8682974
56.644587599999994
54.922877099999994
54.80163759999999
54.9081751
55.954260700000006
53.77316329999999
55.16163759999999
56.442409399999995
55.0604097
55.032656800000005
56.7519218
55.252260699999994
56.7528243
55.4931
55.5472974
56.2672974
55.49115
55.6016376
53.53128589999999
56.624685
56.6275376
56.9485376
57.347537599999995
56.2430133
56.536049999999996
56.60301329999999
56.9341
56.2437306
55.2319824
55.4116568
55.9371133
55.8223797
57.65705
57.60295
55.915308100000004
57.25899999999999
56.6265376
55.5045875
56.6073948
58.0
55.7941
57.981
57.27705
55.9889718
56.89705
56.19334010000001
56.639479300000005
56.935050000000004
57.4748718
57.26
57.24
56.949487600000005
56.917049999999996
57.2941974
57.62
56.174099999999996
57.62352440000001
56.5875376
56.21505
56.9151
55.9919218
56.9
56.9151474
56.536049999999996
55.8854448
56.51705
56.53705
57.0821782
56.57705
56.9331974
56.004359400000006
54.74719999999999
54.670754200000005
55.1063948
54.764347400000005
53.3555948
55.6675443
53.369032399999995
54.367200000000004
54.34729740000001
55.3941974
53.097366599999994
53.950149999999994
52.724672999999996
52.393907600000006
53.279544800000004
53.51604999999999
51.83569220000001
52.1964974
52.9166922
51.779544800000004
51.48793960000001
51.8147422
51.853644800000005
52.102494799999995
51.70719999999999
52.80342569999999
52.98460550000001
53.2633974
50.994577099999994
52.813957200000004
53.2272974
52.1994948
52.48578369999999
53.10562300000001
53.560503800000006
53.133375900000004
52.34652559999999
52.364622999999995
52.796967800000004
53.843863199999994
54.79514770000001
55.619228199999995
54.2609132
54.8031282
55.96117819999999
55.09115
54.214749499999996
53.5315593
54.1299823
55.19502510000001
52.93024159999999
54.585132
53.676367500000005
55.1443948
54.40524740000001
53.752882400000004
52.6355922
53.5631337
51.621987
53.3964448
53.4487896
54.25299770000002
53.754592200000005
53.0719122
54.06239479999999
54.9717634
53.6652474
54.093383400000015
51.4625579
53.05164220000002
52.7961844
55.18239480000001
54.46225210000001
54.7551129
52.3877647
53.73143339999999
52.58066140000002
53.035444800000015
53.398252199999995
54.00556300000001
53.62137570000001
54.4765922
55.1843448
54.86733579999999
54.455160699999986
54.9840692
55.8891974
55.83400000000002
54.1382643
54.933325599999996
55.8492114
55.3133256
55.453050000000005
55.6289218
55.264017100000004
55.8882474
56.193099999999994
55.473643900000006
56.57219740000001
56.733871799999996
56.898
56.9087436
56.898
56.57219739999999
55.759791699999994
55.8892474
56.898999999999994
56.91605
56.140709900000004
56.5731974
57.25900000000001
56.538000000000004
55.8058222
55.8655876
56.87805
55.1031466
55.1596876
54.795163300000006
54.7806876
54.6702974
54.75020000000001
55.793150000000004
55.8455876
55.46648999999999
55.09115
55.8265876
53.5902
55.016099999999994
55.0171
54.7436376
54.8968444
55.5283165
55.3187508
54.746347400000005
55.07215
53.970200000000006
55.03509999999999
53.2068952
54.3038751
54.958745199999996
53.61115000000001
54.67515
53.514896799999995
53.8869226
53.95414999999999
54.42574439999999
54.220715399999996
52.9994342
53.733921800000005
53.407281999999995
53.73197179999999
54.33510000000001
53.1932004
54.5999335
55.00104999999999
54.271300399999994
55.4053778
54.66397260000001
54.827814399999994
54.7585793
53.8117061
55.96248839999999
55.3979612
55.00673249999999
54.548382000000004
54.50146650000001
55.9035768
55.00737779999999
54.7161
54.68387680000001
55.742999999999995
55.47805
56.161
56.3558718
56.17719739999998
56.28712819999999
57.222
56.518049999999995
56.860049999999994
57.24099999999999
56.13905
56.119049999999994
56.12004999999999
57.602000000000004
57.24100000000001
57.981
56.9341974
56.52
56.919
58.0
56.919
57.62
58.0
57.24100000000001
58.0
58.0
57.601000000000006
57.8934443
57.3
57.49324070000001
57.25899999999999
56.6204293
56.936049999999994
56.3528718
56.57504999999999
56.232197400000004
56.19505
55.6763256
55.54821560000001
56.19505
55.81700000000001
56.196000000000005
55.85119740000001
56.556050000000006
55.4702474
55.02075500000001
55.4226124
55.769725099999995
54.6797599
55.2319218
54.67605
54.071959500000006
53.66564690000001
52.969054699999994
53.33420279999999
54.353083699999985
53.51604999999999
53.15775990000001
53.63661950000001
53.97780719999999
52.9518621
53.386056800000006
54.4301022
53.66999150000001
53.821792800000004
52.93086189999999
53.3414174
52.6814348
51.745372800000005
52.68890939999999
52.93740849999999
52.5338571
54.719496799999995
53.42886429999999
53.003047099999996
52.63899630000001
52.8797767
53.3822995
53.810262800000004
53.016737000000006
52.369203799999994
54.06770379999999
50.5571571
51.345172199999986
51.08253059999999
51.57291149999999
50.43738129999999
50.1393863
49.972914
48.5459164
49.9015189
49.879704700000005
49.09320559999999
49.679079599999994
48.52784170000001
48.9937894
49.5204967
47.4816045
47.2861977
47.5379888
46.228205800000005
48.0932799
48.340496599999994
47.34003099999999
48.3127643
49.332242900000004
48.84033809999999
49.09654170000001
48.25987749999999
47.7984812
47.964154400000005
48.4907894
46.92675639999999
45.366724500000004
46.96731029999999
44.7227665
44.745344599999996
46.006918699999986
46.06703869999999
46.96399590000001
44.79960559999999
48.6708074
46.612811699999995
47.5353002
46.35737920000001
47.47283960000001
45.436397
44.5908727
46.5187702
45.23390020000001
45.7372891
46.480341300000006
46.02466599999999
46.11680259999999
44.58840910000001
45.76909710000001
43.1245191
44.4364574
45.6724899
43.7681809
43.87095759999999
43.3659835
41.693155499999996
43.198291199999986
45.2827227
41.24822860000001
42.121119199999995
46.00022519999999
44.9485977
43.01409419999999
42.202937799999994
43.197039000000004
42.758824999999995
43.9568545
44.2018991
43.77576669999999
42.2824801
41.86969929999999
42.90180219999999
42.256112599999994
42.237476699999995
42.9986573
