208.19448099999997
206.23038250000002
214.02717699999985
214.08677780000002
216.05087659999998
208.19448079999998
206.2103819999998
202.32218460000007
200.3380849999999
191.50457570000003
180.69709639999994
188.51349259999995
177.74601299999995
178.73299759999983
173.8276852999999
171.85371609999987
172.82070099999987
163.02000599999988
163.0202057999999
159.09200839999986
155.14381019999985
153.1997115999999
152.21272689999986
154.17682589999987
149.27151339999983
158.0650237999998
149.28456719999988
151.23561199999986
148.29439909999982
149.27151319999982
137.48691919999987
135.5228207999998
129.63052379999982
133.49872159999978
131.59462259999978
129.59052359999978
120.7871435999998
121.75412779999982
117.86592979999979
120.84694359999983
123.73822679999978
115.98103299999981
119.8100287999998
117.86592999999976
112.97074759999978
108.0454349999998
108.06543479999982
111.99363279999976
117.86592979999978
110.02953379999981
108.06543479999978
107.03845049999978
102.1331379999998
104.09723699999978
106.04133559999977
100.1690389999998
102.13313779999979
102.1131379999998
99.18205459999982
101.1261535999998
102.13313799999978
100.1690389999998
104.09723699999978
99.18205459999982
100.15916919999981
99.18205459999982
105.0343515999998
104.0873670999998
99.18205459999982
100.1591691999998
100.14903899999979
102.13313799999978
102.11313799999978
100.1690389999998
100.1690389999998
107.88643079999976
99.18205459999982
101.1360234999998
105.07435159999977
100.14903899999979
104.07723699999978
98.20493999999981
101.14615359999979
103.09025259999979
101.15602349999979
102.11313779999979
100.1591691999998
105.05435159999979
100.1591691999998
106.03146619999978
102.12326819999979
103.05045259999979
105.36006529999979
103.7182636999998
99.18205459999982
106.03146619999978
102.1032681999998
104.06736719999977
102.12306819999982
102.7676949999998
104.08736719999979
105.04448159999978
104.0673671999998
102.1232681999998
105.0644816999998
101.46173709999981
104.0673671999998
102.1232681999998
101.1261535999998
101.1261535999998
103.11025259999978
103.11025259999978
102.1131379999998
105.07435159999979
103.0702525999998
103.11025259999978
101.1261535999998
105.05435159999979
103.0702525999998
105.0343515999998
107.6464616999998
107.96543479999977
101.1261535999998
103.1102525999998
106.03146609999978
105.0343515999998
101.1326336999998
101.14615359999979
99.18205459999982
103.0767326999998
104.4128204999998
101.1063535999998
101.14615359999979
103.1102525999998
103.11025259999978
102.10326819999979
106.04449199999979
104.0873671999998
104.06736719999981
105.03435149999979
105.0444817999998
103.1003827999998
102.12326819999979
107.01845059999978
102.1331380999998
102.0931379999998
102.13313799999978
98.20493999999981
102.1131379999998
100.1690389999998
105.07435149999978
98.20493999999981
98.20493999999981
102.11313799999978
102.13313799999978
98.20493999999981
99.18205459999982
100.1690389999998
104.09723699999978
104.05723679999977
102.1331379999998
102.1131380999998
102.0931379999998
103.08012229999979
100.1690389999998
107.96589529999976
102.1131379999998
100.1690389999998
100.1690389999998
104.09723699999978
98.20493999999981
101.14615359999979
102.13313779999979
102.13313799999978
99.18205459999982
98.20493999999981
103.09025259999979
104.07723699999978
100.14903899999979
100.1690389999998
100.16903909999981
102.1331379999998
99.18205459999982
102.1131379999998
100.14903899999979
104.07723699999978
104.03743699999977
99.18205459999982
101.1063535999998
105.69223279999979
101.1261535999998
99.18205459999982
100.1690389999998
100.1690389999998
98.20493999999981
100.81705029999979
100.14903899999979
100.1591691999998
100.14903899999979
104.04736699999978
100.1690389999998
100.1688389999998
100.82359579999981
103.09025259999979
100.8035957999998
101.47160689999978
103.09025259999979
102.13313799999978
101.1261535999998
103.09025259999979
102.1331379999998
99.18205459999982
102.1131379999998
104.0673671999998
101.14615359999979
102.1331379999998
98.20493999999981
102.13313799999978
98.20493999999981
102.1131379999998
102.1131379999998
100.1690389999998
100.1690389999998
98.20493999999981
100.15551909999981
98.20493999999981
100.1690389999998
99.18205459999982
100.14903899999979
98.20493999999981
103.11025259999978
98.20493999999981
100.1690389999998
104.07723699999978
106.02133579999978
104.07026269999979
103.0702525999998
99.18205459999979
104.06736719999977
101.14615359999979
101.1261535999998
100.1690389999998
103.10327829999979
98.20493999999981
102.11313799999978
100.1690389999998
100.14903899999979
100.1690389999998
102.11961809999978
100.14903899999979
100.14903899999979
100.8235956999998
104.08736719999979
101.1261535999998
99.2018545999998
100.1690389999998
100.1690389999998
99.18205459999982
102.7946690999998
104.72524809999979
100.1690389999998
100.1690389999998
98.20493999999981
98.20493999999981
103.09025239999978
99.5075078999998
101.1261535999998
100.1690389999998
100.1690389999998
100.14903899999979
105.38993499999977
100.14903899999979
103.73826369999979
103.09025259999979
105.0208316999998
106.0114660999998
106.95845039999978
110.89312869999982
106.97805259999981
107.9420452999998
105.9813357999998
107.95556519999978
110.9066483999998
106.9784505999998
105.03435159999981
106.01794629999976
106.9980525999998
108.94254949999977
103.0702525999998
105.0539535999998
110.88664859999979
106.95864859999979
108.94254959999978
108.94254959999981
112.85722749999977
106.93865039999979
109.8695339999998
108.92254959999983
109.8895339999998
107.94503699999981
109.88953379999981
106.97845059999982
104.0372369999998
104.0372369999998
106.0013359999998
106.9784505999998
105.99146619999979
109.87986399999981
108.9623495999998
110.87677879999977
106.96877879999978
111.86376299999975
109.87986399999981
113.80786219999978
104.04736719999981
111.22223209999979
109.91966399999976
106.01146619999977
104.05749739999982
105.36011509999976
105.04780599999978
105.09415159999979
101.1261535999998
100.14903899999982
103.74839409999979
104.04736719999981
104.0869671999998
99.18205459999982
106.05146619999978
101.14615359999979
104.08736719999978
104.0673671999998
99.18205459999982
104.0673671999998
103.11025259999978
105.01455159999979
104.05723699999979
98.20493999999981
100.14903899999979
102.07333799999978
100.16206469999979
100.14903899999982
100.14903899999982
102.1131379999998
102.07333799999978
100.14903899999982
104.05723699999979
101.1261535999998
100.1690389999998
101.14615359999979
102.1032681999998
101.14615359999979
102.1032681999998
101.13134909999981
99.18205459999982
101.14615359999979
103.09025259999979
102.1032681999998
103.68268419999978
101.1261535999998
103.16886069999978
102.12326809999979
103.07025259999979
102.07333799999978
100.14903899999979
100.14903899999979
100.1690389999998
102.7611492999998
102.11313799999978
100.1292389999998
98.20493999999981
100.1690389999998
104.09723699999978
98.2249399999998
103.07025259999979
98.20493999999981
98.20493999999981
100.14903899999979
98.20493999999981
100.1591691999998
98.8864710999998
102.11313799999978
101.1659535999998
98.20493999999981
98.20493999999981
100.14903899999979
102.1329379999998
103.1100525999998
102.1628681999998
102.15273799999979
98.2445399999998
103.11998279999982
103.14965239999981
98.28413999999981
101.1855535999998
100.22843899999981
98.32393999999982
102.1923379999998
99.26125459999983
101.20535359999981
102.19253799999979
99.2216545999998
98.24453999999982
102.17273799999981
98.2643399999998
98.2643399999998
104.11683699999978
104.0570369999998
98.24453999999982
98.24453999999982
100.20863899999982
101.1657535999998
100.2086389999998
100.2086389999998
100.2086389999998
101.2055535999998
99.20185459999982
98.2247399999998
98.2247399999998
98.24453999999982
98.24453999999982
101.19542349999979
102.1129379999998
98.24453999999982
98.24453999999982
99.22185459999983
102.11313799999978
100.1688389999998
98.2247399999998
98.2445399999998
98.24453999999982
100.1987197999998
98.2445399999998
98.87275129999982
100.1888389999998
102.1329379999998
100.1888389999998
102.15293799999979
101.1659535999998
99.2018545999998
98.2247399999998
100.8433957999998
98.2247399999998
106.02113599999977
100.1690389999998
100.1690389999998
100.1688389999998
100.1890389999998
100.14903899999979
99.18205459999982
102.1131380999998
100.14903899999979
99.18205459999982
99.18205459999982
98.20493999999981
98.2249399999998
98.20493999999981
100.14903899999979
98.20493999999981
98.20493999999981
100.1690389999998
98.20493999999981
98.20493999999981
104.07703699999978
100.1886389999998
98.2643399999998
99.24145459999981
100.20843899999981
99.26125459999983
98.24453999999982
102.15273799999981
98.24453999999982
98.26433999999983
100.1886389999998
102.1725379999998
99.2018545999998
100.1888389999998
104.07703679999979
102.1529379999998
103.1298525999998
100.1690389999998
102.1131379999998
102.1131379999998
102.11313799999978
100.18903899999981
100.16903899999981
108.00543479999979
100.16903899999981
104.0572369999998
102.0933379999998
104.05723699999979
102.7946690999998
102.13313779999979
98.20493999999981
98.20493999999981
98.2249399999998
100.1690389999998
98.20493999999981
100.16883899999979
100.14903899999979
102.1331379999998
98.20493999999981
101.14615359999979
98.20493999999981
98.20493999999981
98.2247399999998
98.20493999999981
102.1131379999998
100.14903899999979
103.09025249999979
104.09723699999978
101.4451267999998
104.05723699999979
102.0931379999998
102.09313799999978
98.20493999999981
98.20493999999981
98.26434199999981
100.14903899999979
100.1690389999998
100.14903899999979
101.1459535999998
98.20493999999981
100.14903899999979
98.20493999999981
100.8168502999998
104.07723679999977
98.85949679999982
98.8529512999998
98.20493999999981
102.13313799999978
98.20493999999981
101.1261535999998
102.09274399999978
100.14903899999979
102.1329379999998
100.14903899999979
98.20493999999981
100.14903899999979
98.20493999999981
98.20493999999981
103.09005259999978
104.56556969999978
98.20493999999981
100.14903899999979
101.43858119999979
100.1292389999998
98.20493999999981
100.1292389999998
100.6573716999998
100.14903899999979
100.1690389999998
98.20493999999981
101.1261535999998
104.07723699999978
102.07333799999978
100.1292389999998
102.1129379999998
98.20493999999981
98.20493999999981
106.04133599999977
98.20493999999981
105.36677919999978
102.07333799999978
104.03743699999978
101.73627139999981
100.7970502999998
100.14903899999979
100.14903899999979
102.1131379999998
102.05353799999979
102.1131379999998
102.07333799999978
98.20493999999981
100.1690389999998
102.11313799999978
104.05723699999979
99.1919244999998
103.06032249999978
105.54786879999978
100.35994859999981
104.03723699999979
99.18205459999982
101.1261535999998
100.14903899999979
98.20493999999981
100.14903899999979
104.04371689999978
100.14903899999979
102.7541748999998
99.18205459999982
98.20493999999981
102.07333799999978
98.20493999999981
102.08011229999978
102.1131379999998
101.4914068999998
104.0374367999998
104.03743679999978
106.00265889999977
99.1719244999998
98.20493999999981
100.14903899999979
98.20493999999981
101.6248661999998
102.1329379999998
100.2672529999998
103.74813359999979
98.20493999999981
101.7609102999998
102.15234199999979
100.6427670999998
100.1690389999998
103.06012229999979
100.2086409999998
104.07723699999978
100.2086389999998
100.1890389999998
101.47160689999978
98.20493999999981
102.07333799999978
104.96462139999977
103.08012249999977
100.2472529999998
98.2249399999998
102.7809490999998
102.1131379999998
99.68539179999979
104.68544809999977
100.56578669999979
101.73627139999981
102.13313779999979
102.1331379999998
100.14903899999979
98.20493999999981
98.20493999999981
100.7970500999998
98.20493999999981
100.15581329999979
102.12326819999979
98.2247399999998
101.14615359999979
100.1688389999998
102.11313799999978
104.3694962999998
100.14903899999979
100.1690389999998
104.03069129999977
98.20493999999981
102.58625199999979
102.7278946999998
102.11273999999979
102.73466909999979
100.14903899999979
98.20493999999981
100.1690389999998
100.16864099999981
100.4846224999998
102.11313799999978
100.1292389999998
98.20493999999981
98.20493999999981
98.2247399999998
98.20493999999981
100.1690389999998
98.20493999999981
101.7941648999998
98.20493999999981
100.14903899999979
98.20493999999981
98.20493999999981
98.20493999999981
101.80071039999979
100.81705029999979
104.02710679999979
98.20493999999981
99.8366113999998
100.48122939999979
99.5075078999998
100.14903899999979
100.8101720999998
99.18205459999982
103.04551769999978
103.7052092999998
98.85949679999982
100.1690389999998
98.20493999999981
100.7971155999998
101.1261535999998
98.2249399999998
105.92213379999977
101.1261535999998
102.09313779999978
98.20493999999981
98.2249399999998
100.2862708999998
100.8035956999998
98.20493999999981
103.42580429999978
99.2018545999998
98.20493999999981
98.20493999999981
99.18205459999982
100.14903899999979
98.28394199999981
98.20493999999981
98.2247399999998
98.20493999999981
98.20493999999981
98.20493999999981
98.20493999999981
98.20493999999981
98.6214876999998
98.20493999999981
100.1690389999998
100.14903899999979
98.20493999999981
100.14903899999979
100.1690389999998
98.2249399999998
100.1292389999998
98.20493999999981
98.24453999999982
100.18883899999979
98.20493999999981
98.20493999999981
100.14903899999979
98.2247399999998
101.14615359999979
102.1331379999998
98.20493999999981
101.1261535999998
98.20493999999981
98.20493999999981
100.7970502999998
98.20493999999981
100.1688389999998
102.0931379999998
102.13313799999978
100.1690389999998
102.1131379999998
98.20493999999981
98.20493999999981
102.11273999999979
98.20493999999981
100.14903899999979
98.20493999999981
102.0931379999998
100.1690389999998
102.11313799999978
98.20493999999981
100.1690389999998
98.20493999999981
100.16883899999979
98.20493999999981
101.1360233999998
104.05723699999977
100.14903899999979
103.09025259999979
104.0572369999998
100.14903899999979
100.14903899999982
100.14903899999979
100.14903899999979
100.1890389999998
102.09313799999978
98.20493999999981
102.12326819999979
98.2249399999998
98.20493999999981
98.20493999999981
102.13813349999978
98.20493999999981
98.20493999999981
98.20493999999981
98.20493999999981
100.14903899999979
99.7365790999998
98.20493999999981
98.20493999999981
98.20493999999981
100.14903899999979
98.20493999999981
100.1690389999998
98.2247399999998
99.4944822999998
103.19283159999979
98.20493999999981
102.1131379999998
102.07333799999978
98.20493999999981
100.1690389999998
100.1292389999998
100.14903899999979
102.1131379999998
98.2245419999998
100.28587289999979
102.1329379999998
103.08012239999978
99.18205459999982
98.20493999999981
100.14903899999979
106.06113599999976
100.1888389999998
100.14903899999979
98.20493999999981
103.06012239999978
100.14903899999979
98.2247399999998
98.20493999999981
100.1890389999998
99.18205459999982
98.2247399999998
100.18883899999979
100.20883899999978
100.1886389999998
98.24453999999982
100.1688389999998
106.97825049999976
98.2247399999998
98.2247399999998
100.14903899999979
98.98268399999981
102.7611492999998
100.7970502999998
102.7611492999998
100.8170502999998
100.7970502999998
104.74524809999977
102.78114929999978
102.74114929999979
102.74154729999978
101.96781009999981
98.8529512999998
100.7970502999998
102.80035129999979
102.11313809999982
98.87275129999982
100.83685029999978
100.94658299999979
103.99823099999978
104.99475139999977
103.06012239999978
102.0935319999998
98.2249399999998
98.20493999999981
100.1760132999998
98.20493999999981
100.1690389999998
98.20493999999981
102.1329377999998
99.18205459999982
102.1131379999998
99.1719244999998
100.1690389999998
98.2247399999998
100.1890389999998
100.1690389999998
98.20493999999981
98.20493999999981
99.18205459999982
98.2249399999998
98.20493999999981
100.1690389999998
99.1719244999998
100.1688389999998
98.2247399999998
102.1131379999998
100.1690389999998
100.14903899999979
104.06217169999978
100.1292389999998
102.07333799999981
101.1261535999998
98.2249399999998
100.1690389999998
102.11313799999978
102.08346819999979
98.20493999999981
102.11313799999978
105.67223269999977
98.20493999999981
102.1131380999998
100.14903899999979
100.1490388999998
103.1484664999998
100.2134364999998
98.24453999999982
101.2306476999998
98.2643399999998
98.26433999999983
103.8826929999998
98.2645399999998
101.24495549999979
102.1923379999998
102.70540519999982
100.25471909999982
98.28413999999982
101.1556233999998
100.2284389999998
101.46492679999979
100.18215889999979
99.5408277999998
103.39935599999981
98.28413999999982
103.46862579999983
101.85323219999982
104.1758389999998
98.34314399999981
99.60002979999982
100.36486699999983
98.38177569999982
100.30762919999981
101.96699779999983
102.36737979999981
107.39964619999981
105.58875669999979
100.30645299999982
99.56042779999981
101.5308068999998
100.3060569999998
106.2211068999998
101.16101899999981
99.28993839999981
100.83685029999981
100.18903899999981
101.13595829999981
101.1359582999998
106.26064409999981
102.09955309999982
101.21516029999982
101.13575839999982
100.14897389999982
101.6013397999998
103.0322253999998
102.3728419999998
103.76773359999979
100.79705029999981
100.15890879999981
99.8199356999998
102.0732728999998
104.37614499999978
104.6853829999998
100.46794699999981
102.09307289999978
102.74805829999981
101.1159582999998
104.04365209999978
102.45184599999982
100.46794699999981
100.1489738999998
104.3363449999998
102.7458686999998
104.83663639999979
106.95812319999985
105.9412105999998
108.91521839999977
103.11808519999981
103.2049314999998
103.04025729999981
104.73472799999982
105.97160179999983
106.96197489999982
105.87052129999982
106.0212708999998
110.18884199999981
107.26762239999982
105.9814708999998
104.74399719999981
107.60998619999982
104.70518319999981
105.0243562999998
108.9220242999998
104.67531809999983
105.48280809999981
107.1327835999998
106.6498781999998
106.64339979999981
107.93271329999978
106.2808419999998
105.62628519999984
106.2808419999998
102.1130728999998
107.26782649999977
106.9389834999998
109.8799366999998
107.59686459999983
108.20507589999981
106.91872309999984
111.1492789999998
105.31339449999979
108.53378099999983
103.3922850999998
105.34292939999982
105.0140261999998
105.03422119999979
101.11595829999982
103.7215881999998
100.46794699999981
102.75101909999981
102.4120459999998
103.1851965999998
99.1917244999998
102.5863064999998
99.18205459999982
101.1261535999998
101.1263535999998
101.17887749999981
99.2018545999998
102.08845269999978
105.97485589999978
103.08041669999979
102.1630681999998
104.53090429999979
100.17896919999981
99.2018545999998
102.09313809999979
103.11025259999978
105.01475159999978
101.15263369999981
103.1300525999998
103.1524503999998
102.0931379999998
101.14615359999979
104.06427679999979
102.1664578999998
100.14255889999978
101.1362343999998
100.1490390999998
101.1261535999998
106.95526099999978
105.8603456999998
102.1329380999998
104.0570370999998
100.2084390999998
100.1886390999998
104.05703709999977
103.08999019999979
102.68961649999981
103.63737829999984
102.2820862999998
101.2055536999998
102.1725380999998
102.17253809999984
101.1958837999998
101.18575359999981
98.32393999999982
101.2251555999998
101.24475559999985
104.62003449999983
103.6329896999998
102.17233999999979
101.20515559999984
100.72190629999983
102.64569509999981
102.70450519999986
103.16354059999979
106.05982969999981
105.5354180999998
101.24404939999981
102.2703479999998
100.34604899999982
102.72351309999983
101.24404939999981
101.72789469999981
103.12144909999981
102.18364479999983
105.58667269999978
104.57010629999981
107.52118969999981
106.78567929999981
109.92542329999978
104.10995289999981
108.30031029999981
102.85297679999984
106.86574079999978
111.3827170999998
110.00106939999982
108.71790349999975
102.89238079999983
103.03026459999981
107.3131755999998
106.93651289999984
107.2504184999998
108.39851629999981
113.08569069999982
111.59635899999984
109.30649669999981
104.33283249999982
114.31977879999978
106.11227339999981
110.81669439999982
110.05319319999981
111.59680419999978
114.05957889999976
118.59922629999981
117.91161119999981
122.08982549999985
118.54286799999986
120.1147563999998
118.94718229999984
116.8620946999998
120.95853179999986
117.78361509999985
116.75705079999982
122.3871519999998
116.35296639999983
120.74615879999979
111.73174239999982
112.48819179999977
110.5898525999998
109.86296169999981
107.36310789999978
109.5730602999998
106.9809500999998
105.3792088999998
107.32330789999983
110.67543089999982
108.33049229999979
109.89601599999982
108.75133199999983
105.59492449999982
107.03765459999978
105.1954845999998
105.01444139999981
103.2369562999998
103.71219569999981
103.71219569999981
106.62387709999983
105.76075329999982
108.14683259999978
106.1205397999998
109.98893329999981
109.50522829999983
108.3359818999998
110.55842259999984
114.85533439999979
108.06497659999982
115.42265929999978
110.04109859999978
108.48776489999983
109.79532769999976
107.08832039999979
113.88631989999982
108.2797340999998
100.40686889999981
106.69454289999982
110.03929359999982
108.06039009999978
108.1352549999998
112.57616829999981
103.4879363999998
112.8369410999998
115.54829449999977
110.98685109999983
112.60305519999987
110.23430089999984
115.94704999999982
111.28798149999977
109.22812449999981
110.51177039999985
112.96103609999987
114.41956889999983
110.16987159999984
109.06473119999981
115.1112931999998
112.10344219999983
117.65380529999985
120.63742459999982
117.67009109999982
117.22655389999986
111.90772419999985
118.74726839999985
112.77325079999983
121.76850289999987
116.38726609999983
125.45662139999982
127.43744789999984
133.37576569999985
132.41261189999986
124.65492629999989
136.73802669999984
133.50443529999987
132.52382369999984
138.85063739999987
143.13461349999986
137.01216089999986
135.78320329999985
138.86385389999987
144.2625563999999
141.3213215999999
140.83815889999988
145.7450225999999
144.88249459999994
157.81055949999995
146.50725539999988
152.01081149999996
149.27270709999996
145.92196839999994
148.09161059999985
146.28377739999993
146.2731481999999
144.88002319999993
157.4659193999999
151.6260744
154.43370859999996
151.0361218
156.8106232
153.15355219999998
156.6854389999999
152.54661579999998
144.79698219999997
160.3890759
165.39706379999996
163.08148549999996
170.64580009999997
154.69358069999996
157.13606779999998
155.7153389999999
164.65059729999996
162.7180589
169.76933069999995
157.02846219999998
171.48442749999998
169.6904316
182.1282348999999
181.70306999999997
182.44122109999998
174.99662150000003
179.16096929999995
167.64438699999994
178.0263999999999
171.28137010000003
177.19673719999992
175.55937729999994
180.00381389999995
169.25543659999997
177.3093818999999
166.80802969999996
169.75981869999993
178.5509624
173.9688176
186.4662318999999
168.0804011
182.29025069999997
171.18312699999996
162.35244669999997
176.87423839999988
183.46930689999996
171.98239819999995
179.93476199999995
172.20895580000013
177.9553753999999
178.31561699999986
185.9934210999999
178.32789479999997
180.00491189999997
190.50219129999996
197.0942712999999
183.81752789999996
186.5065661999999
186.6486337999999
184.7976178
188.12366749999998
187.00237109999992
183.78552409999992
188.45287139999994
198.39710439999996
194.72859449999993
190.00153789999996
193.05131039999986
194.4630769999999
202.20956619999998
192.54319659999993
193.2863645
192.6093157999999
190.0688751999999
187.29785189999998
182.87173669999996
187.965479
191.44332419999995
195.52450300000004
195.06081389999986
196.95058949999998
176.4950556
202.55780139999982
198.8755477999999
194.0214240999999
195.58795779999994
185.11839419999993
195.18910289999988
194.83823699999996
204.6393598999999
194.02455999999987
196.60676769999995
198.18501749999993
194.30502279999996
192.3601842
192.88638159999988
191.0676914
190.39356199999995
188.24824120000002
188.50409719999996
179.63737429999998
189.1641852
190.91124799999997
186.98966430000002
183.2761834
182.78408220000006
191.3632696999999
176.7910513
176.3882919
183.24407879999998
181.1314560999999
198.3661137
197.86519489999995
200.45833799999997
201.69258429999982
200.27756849999994
198.48063019999984
195.44732149999982
199.76750729999995
201.14863039999997
191.54009860000002
192.6134095
184.5701567999999
198.77138879999998
193.09887209999985
189.8939227999999
196.45909029999987
187.07049780000006
195.92133079999994
192.8395814
203.52055909999993
198.1157548
198.86535480000003
203.5714411999999
196.55699930000003
209.97264359999983
204.89482839999994
204.98652120000003
205.85324359999993
198.49307629999987
186.8107879999999
191.85357880000004
209.52107249999986
199.56623509999986
202.7350244999998
200.7310527999999
197.99890099999993
197.696979
194.42588049999992
198.0108214999999
199.85634289999985
183.88637139999992
186.07483119999998
201.89706529999992
191.3445382000001
193.91887919999994
181.53165429999999
192.03123869999988
192.75471489999993
203.8256102999999
192.40365789999993
191.14274139999986
193.8185361999999
185.2680332
190.43490419999992
196.84563009999988
194.90449469999996
192.1286967999999
201.6924578999999
203.11497159999988
198.04290749999996
215.35482129999986
201.22860869999988
192.98691739999998
205.2358342
219.84037679999992
206.66533099999987
211.06166059999993
214.08752309999988
214.11260449999992
224.67071329999987
210.34618299999988
209.15093249999998
212.80889209999995
228.73822359999983
219.98103119999985
226.9316426999999
216.73864999999986
217.97259989999992
223.9566976999999
221.08110859999982
219.80047229999997
223.68857809999994
225.20681779999998
225.4063974999998
234.00006299999987
221.61644209999992
229.90852709999996
237.90970849999997
226.8254485999999
229.56949469999995
222.9939443
230.71941109999992
221.5776092999999
236.0374622999999
226.6124742
218.86297309999992
221.88241089999985
239.96886919999983
240.8780268999998
229.38003229999993
239.30183679999988
230.70410719999992
235.14160689999986
241.5136023999999
253.9906579999998
248.35835259999985
254.47383019999995
245.12597449999987
246.30872499999987
249.77935149999982
259.5825141999999
250.81392869999988
263.8747590999998
253.70596909999978
260.45753099999973
270.47723209999964
265.1878411999998
268.5982272999998
268.6644136999997
268.4419874999998
266.6551143999997
277.5250198999996
271.44370989999976
276.08936959999966
282.2285055999997
272.46781109999966
282.24162749999965
278.2811018999996
270.6419222999998
272.46800719999965
273.16835409999965
273.89341879999967
273.3061661999998
274.4127040999997
276.3575832999996
281.3944095999997
263.29577869999974
270.4500530999998
261.64167069999985
270.2621514999998
266.15492869999974
273.3071259999996
279.70826049999965
276.5790235999997
282.2487055999997
282.3024196999997
279.8156722999997
282.40178819999966
284.7612704999996
281.3954927999996
287.7761663999996
285.55517239999955
283.9859823999996
287.50644359999956
278.0748648999996
281.5233955999996
283.7883593999997
277.72343579999966
273.13547729999965
277.10206409999967
278.12905709999967
288.25921959999965
284.37521229999965
284.9082813999996
287.71128099999964
288.5877289999996
284.79546109999967
285.8952766999996
284.39068259999965
283.1749017999996
291.16009969999953
286.3355675999996
283.0288369999996
290.7064321999996
287.8448188999996
286.87763639999963
291.7036480999996
280.32401079999966
290.74721249999965
286.3549812999996
286.8384323999996
278.7986189999997
290.1572291999996
283.46469459999963
286.44317929999966
285.67732449999966
284.9533374999996
290.74453739999956
288.83476499999955
289.6758208999996
284.77690369999965
287.5266913999996
293.96681889999957
283.86258809999964
288.8025312999996
284.00615609999966
287.90942359999957
288.8021333999996
289.7146867999996
292.6905310999996
288.7627312999996
286.9358622999996
286.4422729999996
286.4424574999996
284.6146101999996
284.87641799999966
282.5528481999997
281.4567828999996
281.0461257999997
284.4065890999996
282.9508267999996
284.87550789999966
282.60447709999966
281.5306811999997
289.7348503999996
284.63215849999966
286.53834239999964
291.6789492999996
283.8507210999997
286.54612339999966
283.96662769999966
284.9925090999996
285.0482366999996
292.6319171999996
292.6511290999996
286.49656899999957
282.57685279999964
284.89512159999964
287.2298661999996
286.44314179999964
288.78273129999957
290.0033927999996
285.1152011999996
287.4649898999996
290.2989660999996
290.2908295999996
284.8939374999996
284.2023774999996
292.6903330999996
287.5806810999996
294.6148299999996
288.2884681999996
292.6711251999996
294.6148299999996
292.63287049999957
290.68643419999955
288.9872756999996
292.63073119999956
292.16708399999953
290.82426009999955
288.7621352999996
286.3935952999996
290.82327399999957
288.7635193999996
294.5750299999996
288.1671815999996
288.8534968999996
287.77199259999963
287.5243006999996
289.09744459999956
282.13673779999965
286.8962818999996
277.2159479999997
284.03629679999966
286.39077249999957
282.4216259999996
283.5267734999996
283.3286119999996
286.2502133999996
283.2998294999996
282.6046729999996
284.9345235999996
286.48187509999957
278.80388349999964
282.04131689999963
282.9929804999996
290.9444920999996
292.01637239999957
288.8025274999996
289.4438643999996
290.3016685999996
293.3188077999996
294.6148299999996
290.66801839999954
286.87724049999963
292.2618788999996
291.5705078999996
282.71703609999963
289.31959309999957
294.4393645999996
291.7431487999996
283.7208452999996
292.2618788999996
294.6148299999996
292.65247209999956
290.3062712999996
288.7690788999996
280.76962709999964
292.06879619999955
290.7264321999996
287.38295879999964
285.2591889999996
286.20032029999965
288.8525913999996
294.6148299999996
287.63196769999956
286.1774855999996
294.6148299999996
288.86133739999957
288.14060429999955
288.4632353999996
288.39523959999957
288.7623334999996
290.3888994999996
286.9738880999996
285.4365503999996
283.60447539999967
287.71656559999957
288.2262218999996
281.03357509999967
284.07465449999967
283.8573415999997
288.0264649999996
281.87559729999964
284.1710928999996
280.69613479999964
290.01520449999964
281.39374739999965
287.37539989999965
286.7914601999996
285.9849886999996
290.9723367999996
281.3894011999996
280.06093179999965
279.1695169999996
285.3375988999996
286.7784463999996
290.6301592999996
287.41837609999965
287.9837772999996
291.6934165999996
291.52437419999956
286.9066789999996
292.6837568999996
289.7953384999996
287.86481879999957
284.80794549999956
294.5750299999996
291.7128225999996
287.8067467999996
293.38184889999957
286.9560543999996
286.9358681999996
282.3614904999996
288.7958532999996
285.88867019999964
289.4438643999996
290.7264321999996
288.4409801999997
283.1612259999996
290.43165269999963
290.5692340999996
294.59482999999955
286.99311969999957
291.68141199999957
290.70643219999954
294.53502999999955
280.79582979999964
290.82284519999956
282.0538039999996
292.6309310999996
288.3730830999996
289.8490075999996
292.0876180999996
292.1322341999996
287.7400797999996
288.3724147999996
290.7662321999996
288.7723612999996
288.8609472999996
286.8194164999996
283.8670428999996
290.3761199999996
279.7373829999996
290.0782230999996
291.9601959999996
291.02315949999957
284.72787069999964
286.2790291999996
289.9388197999996
293.19082549999956
291.5098517999996
284.0968822999996
286.06635049999966
280.1854701999996
287.22120159999963
284.2787633999996
286.53562799999963
287.77527339999966
273.56207879999965
284.7103506999997
279.2179765999997
276.67553379999976
277.9004048999996
278.7440779999996
277.06066719999967
277.8259983999997
284.5715290999997
281.4869286999997
283.2284302999996
283.1391947999997
280.5773363999997
283.45733019999966
281.65143749999964
286.71712279999963
285.02716579999964
286.8812228999996
293.30548789999955
287.4431656999996
285.6474962999996
289.4958981999996
286.9809621999996
286.2599656999996
288.21922029999956
290.3377799999996
291.6837467999996
292.6513251999996
288.62627399999957
285.0347918999996
291.43999699999955
291.35033719999956
291.6653210999996
288.8027234999996
283.20507859999964
292.72911969999956
294.6148299999996
287.7917277999996
291.7763845999996
290.0994957999996
292.2775530999996
281.1695014999996
282.2847242999996
286.4332707999996
287.7955489999996
289.8499255999996
288.36177819999955
285.99388979999964
288.0225923999996
284.87413549999957
286.8172483999996
286.7590284999996
272.5067684999997
278.52856379999963
281.0721861999996
277.5813155999997
286.12161579999963
276.8491074999996
286.7590284999996
282.7173317999996
281.00669449999964
288.76292739999957
281.02533579999965
281.6737450999997
291.5785177999996
286.08469539999965
290.2666711999996
290.6482065999996
286.9929235999996
285.8870452999996
288.8417352999996
290.72623419999957
286.2549233999996
286.6249814999996
290.7660341999996
281.16414179999964
288.7221393999996
279.1410368999996
285.04500049999956
287.73815579999956
288.10334919999957
288.4726830999996
287.58086519999966
282.0012123999996
286.2165035999996
286.3991374999996
288.4845878999996
288.0479192999996
284.5129823999996
287.12333769999964
284.9541255999996
289.6499992999996
287.41056829999957
281.8060209999996
281.18119139999965
287.5256476999996
285.5815467999996
284.24044249999963
288.3539868999996
288.96649749999966
284.87432959999956
292.29787129999954
291.99949849999956
289.9687295999996
291.64031589999956
292.1670839999996
292.6507310999996
287.9428920999996
294.6148299999996
288.7722166999996
288.7625332999996
282.9329372999996
292.6507310999996
282.95641319999964
290.72819279999953
294.6148299999996
291.8119355999996
293.82530239999954
288.34270549999957
293.00965399999956
292.6411091999996
292.63172319999956
294.53602209999957
290.80755359999955
292.6513251999996
287.1997745999996
291.24082639999955
288.29868619999957
287.7987150999996
285.7848117999996
292.5756071999996
287.9032721999996
287.3261871999996
286.2618943999996
284.5793754999996
292.67073109999956
292.66425109999955
286.4037732999996
283.0337139999996
285.5359977999996
282.4428133999997
277.87694019999964
278.3883463999997
272.65528099999966
279.5271985999996
272.9373664999997
284.9580128999996
277.1071342999997
280.75839729999973
274.5577771999997
280.6096743999996
285.37947629999957
283.6520971999996
281.41833079999964
284.43035299999957
278.77577249999956
284.1914232999996
287.65067509999955
285.8132227999996
292.65151539999954
285.2338885999996
286.89193669999963
284.5981521999996
287.0429298999996
284.2237193999996
284.1093522999996
288.7435253999996
288.0589931999996
281.2194810999996
290.06191179999956
282.0798102999996
288.7578176999996
287.13655399999965
290.66742029999955
286.0409297999996
282.85240109999967
285.5689896999996
286.9894453999996
287.76778309999963
280.36140339999963
282.24710029999966
281.4343570999996
278.4798961999996
278.92837049999963
288.4181359999996
288.1213963999996
289.4012633999996
292.63132909999956
294.6148299999996
290.68722629999957
290.66723019999955
290.71676249999956
286.4552759999996
290.9861195999996
286.1648311999996
290.6680142999996
288.4537943999996
286.9479573999996
286.37690479999964
292.69130359999957
289.3069717999996
288.3282680999996
292.6113290999996
294.6148299999996
290.70722629999955
292.6905310999996
291.85718189999955
286.3251651999996
292.65112909999954
287.9570524999996
288.37670619999955
289.3719266999996
292.66425109999955
287.78581299999956
286.80001459999966
285.30930419999964
290.7464321999996
288.76332539999964
283.1264568999996
288.6447095999996
289.1085552999996
285.4219862999996
287.38154379999963
282.4484302999997
286.87803439999965
288.8023332999996
290.74643219999956
290.74643219999956
280.2067262999996
280.5632630999997
282.4965438999996
290.6680104999996
292.65112909999954
288.0829746999996
287.57159919999964
288.7823332999996
292.00920019999955
279.74944259999967
287.73930999999965
289.32929399999955
285.7194332999996
284.5878473999996
292.6507310999996
284.1196243999996
290.6668321999996
285.1071778999996
292.6344020999996
287.2496379999996
285.78775379999956
290.4954255999996
288.22854469999965
288.71915729999955
281.4612176999997
282.9898709999996
283.8852498999996
276.16753929999965
276.44983839999963
286.27753149999967
273.7599271999997
277.82247569999964
275.95786309999966
270.4508215999997
275.7025969999997
276.5740427999997
284.3113787999996
277.6812318999997
276.76787879999966
281.1093616999996
281.4776485999997
277.9842994999997
278.5187868999996
273.93827609999965
282.53884439999973
273.7581461999996
281.7602268999997
282.6302801999996
287.2931801999996
292.65053309999956
292.2364658999996
290.7262341999996
286.81843049999964
283.4777714999996
288.24213419999955
283.02903409999965
290.7281771999996
285.7966712999996
290.29236699999956
290.2723669999996
287.8731459999996
288.55746949999957
287.0049796999996
287.0331071999996
284.55945459999964
287.4248442999996
284.0434430999996
289.0511344999996
289.3790623999996
287.8566495999996
283.9294438999996
282.7158846999996
284.83473939999965
288.6847096999996
290.66340909999957
286.8182343999996
287.9004692999996
283.67122919999963
294.6148299999996
292.6192836999996
286.9562503999996
288.8999612999996
289.9063741999996
288.82193939999956
292.6309310999996
285.0300008999996
286.1123235999996
294.6148299999996
292.02590949999956
292.6321131999996
287.79574699999955
286.3106280999996
290.2654491999996
294.6148299999996
291.9008633999996
291.03629689999957
290.6668321999996
288.15432219999957
286.8384304999996
292.6307310999996
286.7819495999996
289.3784763999996
291.11458669999956
290.2483784999996
286.4119553999996
288.4488870999996
284.8161037999996
290.3324464999996
286.7400126999996
287.5583839999996
292.5455541999996
293.96359729999955
286.8574424999996
287.8016757999996
288.8087530999996
292.1670839999996
290.7270262999996
294.6148299999996
289.4170900999996
291.3546434999996
292.6711251999996
287.8288689999996
287.79808979999956
294.6148299999996
285.4892902999996
292.68918039999954
285.5880942999996
294.6148299999996
290.68234099999955
283.67704989999964
292.63211319999954
288.78292739999955
287.4733852999996
291.05627869999955
286.8576522999996
290.7070302999996
288.76374399999963
292.51272309999956
290.0225097999996
292.49603049999956
292.6507310999996
284.29904249999964
287.8353489999996
287.6432404999996
290.68761249999955
292.4744932999996
294.6148299999996
294.6148299999996
292.0394315999996
291.73321669999956
290.7087768999996
287.98001029999955
289.8931026999996
292.6511290999996
290.70585609999955
286.1249665999996
288.31787469999955
290.0364286999996
285.2436213999996
290.7199541999996
290.72015219999963
284.2593416999996
290.64762629999956
281.92981939999964
286.0990986999996
287.7110510999996
286.77294649999965
281.6768416999997
288.7425332999996
286.7139385999996
287.81614099999956
292.6507310999996
292.6507310999996
292.6905310999996
287.4026285999996
285.0386341999996
292.65481769999957
285.6351975999996
292.6507310999996
288.04480959999955
291.2171839999996
288.2198704999996
286.2759396999996
288.7166473999996
288.7429273999996
286.3541892999996
288.2986861999996
288.7431273999996
286.85767679999964
290.76623219999965
285.58214089999956
287.9469032999996
290.68643219999956
288.82213329999956
292.6309310999996
286.1238203999996
288.7625332999996
294.6148299999996
294.6148299999996
288.8019352999996
283.0882446999996
288.9123048999996
288.78721879999955
288.6808219999996
287.4276277999996
288.6658699999996
288.8219352999996
284.9135374999997
285.5160626999996
285.22785489999956
290.64743019999963
285.7792780999996
288.6844957999996
290.8586870999996
294.6148299999996
290.6159425999996
286.4257212999996
288.7227332999996
286.7092983999996
287.6627214999996
286.1572334999996
289.4307386999996
287.7707476999996
285.4694863999996
287.5064397999996
287.4666397999996
284.2912824999996
286.7594225999996
288.70352149999957
290.1835791999996
285.8053400999996
286.7010046999996
286.7594225999996
284.9143216999996
288.5429053999996
288.7623332999996
288.7429273999996
288.72371539999966
290.6866321999996
292.6507310999996
287.27774699999964
280.02623989999967
285.3965593999996
290.3621544999996
282.94412279999966
287.39034839999965
287.16670299999964
275.1855669999997
278.95228739999965
282.9047532999996
282.56594139999964
281.8082090999997
278.03382159999967
278.11173519999966
277.0673537999997
281.60448239999965
282.9302267999997
283.8271142999996
283.45567069999964
289.7194109999996
287.73551209999965
282.85082679999965
282.6724555999997
284.81493149999966
286.7386343999996
288.7225332999997
284.6765117999997
283.30491759999967
281.75105489999964
282.83043659999976
286.0164655999997
278.8840168999997
282.90315859999976
284.16671849999966
280.8831505999997
276.99185399999965
277.45229099999966
282.81181669999967
280.49355569999966
280.89985569999976
277.9620821999997
280.8748602999997
284.71611389999975
286.2747872999996
288.7225332999996
285.7718480999996
284.81512359999965
287.54415339999963
282.88944269999956
288.7025332999997
285.2411041999997
279.65579759999963
284.81433549999963
285.77145009999964
284.3564064999997
280.40090499999985
282.16275609999974
282.7657209999997
286.73883239999964
280.7100745999996
280.88613769999967
284.63592949999963
283.3553220999997
282.57672979999967
280.04366699999974
279.6302362999997
279.00143879999973
286.77882849999963
288.7225332999996
282.24202549999967
286.15663939999956
290.6866321999996
288.72293129999963
286.2651043999996
290.68663219999956
285.3521893999996
285.9551873999996
290.7460341999996
283.1135481999996
288.79545529999956
286.8239000999996
286.70162369999963
287.3756901999996
288.0005028999996
289.4010252999996
288.8803531999996
286.87803049999957
288.80193529999957
282.59099489999966
284.8739374999997
277.13693399999977
281.2212011999997
277.3739559999997
268.3222371999998
270.36904589999966
267.35579589999975
268.7501402999997
267.2058634999998
273.16680169999984
268.25077929999975
276.87986269999976
269.2881745999997
270.7777594999997
270.2078122999998
269.56047569999976
274.85047199999974
275.21750339999977
277.0830156999996
277.15828509999966
281.00906279999964
279.1412308999996
286.8597792999996
280.0907717999997
279.0047813999996
277.7818174999997
279.09909169999975
284.8700139999996
284.93471959999965
277.1969379999997
281.14290329999966
280.96966469999967
282.9486935999996
286.77981649999964
289.46287249999955
290.1711479999996
286.8488956999996
283.8771581999996
288.7225332999996
290.66703019999954
288.7627312999996
294.6148299999996
291.27072569999956
292.03577449999955
288.74293129999955
292.65112909999954
288.7629273999996
292.66425109999955
286.8396008999996
294.6148299999996
294.6148299999996
292.65112909999954
294.6148299999996
292.39125559999957
290.7266321999996
292.6507310999996
290.6870301999996
288.64743069999963
288.3540790999996
289.5774081999996
290.6505551999996
286.4107642999996
289.46366459999956
287.5450616999996
288.8100801999996
287.4664436999996
286.8153220999996
288.82551699999965
285.49645889999965
287.86520429999956
287.46841209999957
285.6211487999996
285.64114879999966
284.2689803999996
277.1973345999997
276.66634449999964
274.6647430999998
279.1630258999997
281.09279649999974
279.78763229999964
275.44943509999973
284.94933339999966
282.4774890999997
285.1088598999997
285.12237989999966
285.4040287999997
284.7798920999996
286.4628062999996
284.2254581999996
285.75196579999965
286.30808839999963
288.77761389999955
286.80019499999963
290.72819279999965
287.4413022999996
284.44104859999965
288.6432557999996
283.49874959999966
286.79384799999957
284.13069119999966
287.34734739999965
288.74527999999964
290.2735452999996
287.8357183999996
278.6284073999996
285.97220979999963
286.1066431999996
284.2306542999996
286.56632539999964
286.74119889999963
282.7737951999996
283.6585063999996
282.87494199999963
282.43286239999964
277.3401836999997
278.8349110999996
279.49810669999965
280.96829039999966
279.0180326999996
282.8710286999997
284.81707829999965
282.8904465999996
283.2032366999997
282.4153230999996
281.0060813999997
282.18848989999964
281.81550709999965
283.24480799999964
288.7417335999996
286.33370079999963
286.7249736999996
285.9478009999996
285.6249191999996
287.7765280999996
285.0457346999996
278.3360678999996
287.14574629999964
279.17374479999967
282.99039759999965
288.6453759999996
285.9251447999996
286.42638829999964
288.0210264999996
290.2753801999996
286.1781295999996
291.4187689999996
288.6835273999996
288.9977636999996
294.6148299999996
286.8382345999996
292.5346680999996
290.6885985999996
292.6313251999996
287.4993674999996
287.8331418999996
292.6507310999996
288.72332539999957
288.7433253999996
287.18039829999964
294.6148299999996
292.6311291999996
290.0063895999996
290.7268222999996
290.66703019999954
288.7054606999996
290.74682629999955
290.7085637999996
290.68566749999957
294.6148299999996
288.0129188999996
291.36118899999957
288.8417352999996
284.2476008999996
288.7066022999996
286.7059946999996
284.8561096999996
285.8508520999996
285.24903879999965
282.87934019999966
277.22869639999965
282.8557220999996
280.0261758999996
277.1915615999996
285.4216080999996
286.7231494999996
286.7604085999996
282.8727735999997
285.6619915999996
284.9733335999996
279.1810268999996
288.7252954999996
284.87610169999965
284.9931374999996
282.29886829999964
288.7256778999996
288.6664815999996
286.8390184999996
290.4919785999996
284.88843959999963
290.67035519999956
279.67531599999967
284.8611704999996
274.58252349999964
281.83022179999966
286.7644982999996
285.75251849999967
284.9545195999996
284.79669969999964
288.8229173999996
288.7285841999996
290.6691730999995
283.5670543999997
286.81862449999954
285.36099799999965
292.6332719999996
287.7389889999996
292.6309310999996
286.3856543999996
288.8217393999996
292.1757185999996
292.61113109999957
292.6307310999996
292.6507310999996
292.6507310999996
288.8229173999996
292.6309310999996
292.6905310999996
292.4022130999996
287.11313159999963
286.8978344999996
292.67073109999956
290.60743019999956
292.65229559999955
290.7416268999996
292.5717270999996
287.4529911999996
292.1670839999996
292.66425109999955
290.6874202999996
288.1335361999996
287.98070099999956
290.7594579999996
291.59579479999957
290.10113279999956
292.63384069999955
292.49545969999957
289.72466979999956
292.63112909999955
288.7233175999996
288.7360532999996
290.5127401999996
288.8009708999996
292.67073109999956
292.6507310999996
292.6507310999996
289.0844031999996
288.8023332999996
292.40423169999957
290.0854175999996
289.7463622999996
288.2503892999996
290.0520754999996
287.2341500999996
290.0394170999996
287.77664179999965
287.3148147999996
291.5361988999996
292.67073109999956
292.63112909999955
294.59482999999955
288.09295979999956
288.7052837999996
292.68055119999957
289.3294132999996
294.6148299999996
291.71358309999954
289.8568336999996
290.71794459999956
286.3657714999996
285.5803316999996
290.72603419999956
286.70905249999964
287.48054179999957
288.72623339999956
290.64055209999964
290.62683219999957
286.7962296999996
286.3639124999996
286.8584284999996
291.0320735999996
288.68450559999957
292.63112909999955
290.5888163999996
285.8015178999996
289.3128296999996
282.4262278999997
282.2293978999996
288.7827253999996
294.6148299999996
290.36176389999963
291.6140166999996
292.5519270999996
288.7161570999996
285.3453511999996
294.37900039999954
285.3946873999996
291.60913139999957
288.72312739999956
287.5060456999996
287.38666149999955
287.44644569999963
287.48663979999964
288.7031312999996
286.7131503999997
284.5221079999996
290.6076381999996
286.85084329999955
288.5664936999996
287.8089462999996
286.7784343999996
285.5559965999996
283.7602994999996
288.6656759999996
288.2360718999996
290.2980989999996
284.8945235999997
290.72722029999954
288.6455035999996
292.6713191999996
282.9098365999996
285.59622969999964
280.12788559999973
279.6463062999997
274.91860609999975
277.1718726999997
272.94180589999974
276.2341989999997
277.5490289999998
278.1499905999997
279.0269017999997
279.0354730999997
279.1503056999996
278.23442559999967
286.60741419999965
284.9195845999996
282.81589749999966
284.3226445999997
281.02750799999967
286.83209579999965
285.9195497999996
284.87778989999964
290.7470202999995
290.7662321999996
289.77135269999957
286.9368463999996
288.6049154999996
290.7464321999996
290.76623219999965
285.26489839999965
287.3474883999996
283.9930978999996
284.5906230999997
288.8419332999996
288.80292139999966
284.9735354999997
290.4543310999996
288.7823332999996
287.21470899999963
290.7264321999996
288.8157222999996
290.72721249999955
290.6876182999996
289.7791244999996
286.0863114999996
290.2923212999996
289.4899445999996
288.61596169999956
292.6903330999996
290.0535033999996
290.7658341999996
289.8976228999996
288.04831729999955
291.89691509999955
292.63073119999956
288.7914586999996
292.11263699999955
286.78558019999963
294.53602209999957
294.53602209999957
287.6371429999996
290.6874242999996
290.60822229999957
290.52565359999954
290.6478261999996
292.9044532999996
288.6239253999996
290.1476162999996
289.6709078999996
283.00474179999964
294.57482999999957
292.61153119999955
292.57192319999956
291.26935539999954
291.3023810999996
289.5839574999996
286.6316725999996
290.6676242999996
286.7594264999996
292.49429739999954
292.4929191999996
292.57192319999956
292.57192319999956
290.6874242999996
287.7711441999996
291.2693553999996
290.5694084999996
289.67063429999956
292.59232309999953
288.0157143999996
292.1989844999996
288.6245213999996
289.8086795999996
290.1320727999996
288.5880193999996
290.64821839999956
287.2124394999996
289.38446239999956
294.6148299999996
288.8221333999996
294.47818839999957
288.7225332999996
290.70174689999953
292.6507310999995
286.80827089999957
290.7264322999996
288.1358529999996
285.7242821999996
286.2096651999997
286.1525500999996
287.51894329999965
287.2526978999996
281.2164262999996
285.2477596999996
276.55541049999965
278.18969399999963
276.0368343999997
271.3430072999996
267.1390773999997
261.19252019999965
260.87318999999974
263.1391732999998
272.45135469999974
273.69534579999964
265.5807816999997
267.04601329999974
270.89024169999965
275.1548368999996
272.3595826999997
276.73846439999966
280.4039410999996
278.58056649999963
284.65732999999966
278.64379709999963
279.4911135999996
273.0002608999996
280.58869989999965
279.45513519999963
276.7317215999997
281.3002917999996
277.15068929999967
284.02149709999964
282.98344309999965
285.0019386999996
288.8306309999996
289.9270291999996
288.5326301999996
285.8417115999996
288.1805382999996
285.2084858999996
291.75204429999957
292.29747019999957
284.59040349999964
289.18615039999963
283.3057172999996
287.4072398999996
281.68077909999965
286.4507154999996
290.0848371999996
285.2294550999996
286.0427653999996
286.5325792999996
286.1566393999996
288.1556529999996
290.0650371999996
282.94255729999963
286.9075044999996
286.9263320999996
284.88013479999955
287.1367674999996
282.6268690999996
286.4914551999996
284.5731909999996
290.1085238999996
287.7071971999996
290.0848371999996
288.5578052999996
287.2176983999996
285.8936616999996
289.9139982999996
288.1439847999996
290.23161969999956
285.9288878999996
288.8534910999996
290.23161969999956
289.9320192999996
283.8808996999996
292.12378479999956
290.7066321999996
287.92971329999955
286.09704239999957
287.3070164999996
289.2607852999996
284.77249839999956
287.4372941999996
289.7495671999996
289.7495671999996
286.5434663999996
287.5042731999996
283.3387688999996
282.99955609999967
282.7552803999996
286.0489047999996
282.3709709999996
285.2108014999996
284.5604207999996
280.3991342999996
278.68227269999966
277.7471661999997
277.8910707999996
274.5240272999997
281.4434006999997
282.95500599999957
283.6724707999996
281.2283025999997
281.7166106999997
280.43143509999965
287.88950839999956
284.99347849999964
286.3543097999996
280.4316308999997
279.6629703999996
283.27551999999963
279.3799321999996
276.8532717999997
280.47823399999965
279.5383473999996
274.2982308999997
276.8311215999996
277.1025784999996
267.71456079999973
271.9184914999996
269.76998519999967
272.5152268999997
277.6278543999996
275.4975335999996
281.6574376999996
271.23302649999965
281.07659309999957
284.33677959999955
280.0044862999996
278.1088223999996
279.3180473999996
276.9150986999996
277.96128499999963
281.8244987999996
282.3339269999996
282.5053546999996
280.6822732999996
288.7974482999996
285.1558894999996
283.0090942999996
284.48493589999964
289.0193901999996
292.1821985999996
281.22494339999963
292.1225985999996
284.0170661999996
279.86388089999963
288.1548007999996
284.93239239999957
287.8738036999996
286.99490319999956
289.7996164999996
284.6624235999996
288.7353977999996
286.4510551999996
286.72999819999967
288.0262756999996
290.4096183999996
286.5600343999996
288.28612929999963
285.4835199999996
289.1609689999996
285.7248345999996
282.64229479999966
288.3849332999996
286.2564383999997
286.30281649999966
280.0072050999997
288.9666643999997
289.30461609999963
279.6904232999996
287.3389449999996
287.3389449999996
289.2311445999996
284.8677778999996
290.62037379999964
289.2983093999996
283.01460939999964
285.23845859999966
285.79109099999965
292.2364912999996
288.5395448999996
288.4251292999996
288.3395797999996
284.5899786999996
286.5511566999996
283.7974210999996
290.3708003999996
289.5705177999996
284.73533559999964
286.3501253999997
286.6225439999996
287.54681899999963
289.1650704999996
290.81279049999955
288.58432949999957
291.6140166999996
285.0396086999996
289.6897177999996
287.5060456999996
293.1142891999996
287.7887747999996
292.39292919999957
289.7279493999996
286.7386236999996
292.60465109999956
289.69307369999956
288.7033273999996
294.5552299999996
287.8537649999996
290.5557221999996
290.2332144999996
289.7425435999996
286.7390306999996
290.72623419999957
292.5645568999996
282.6832012999996
288.7431294999996
291.70374679999964
288.3978760999996
286.9725939999996
288.7926635999996
285.4164699999996
283.0733161999996
287.87475099999955
286.2871619999996
291.70374679999964
281.93627809999964
288.79266359999957
284.8248637999996
287.03792809999965
291.48692299999954
282.8942848999996
289.7396478999997
291.5065249999996
288.3861173999996
283.1835871999996
286.51628979999964
288.3685301999996
281.9394979999996
288.7726635999996
283.00673399999965
284.7989817999996
285.8474147999996
294.5358259999996
294.5358259999996
289.2021921999996
288.76897189999966
285.52778969999963
288.72253939999956
290.3497806999996
289.6457292999996
294.53582599999953
294.5358259999996
286.4455747999996
293.4527724999996
294.53582599999953
286.5046523999996
287.2529585999996
286.3409648999996
283.48152729999964
289.3106660999996
288.6497173999996
286.8894534999996
289.2215981999996
290.2085784999996
294.40053109999957
292.2216005999996
294.6148299999996
293.37704619999954
291.72354679999955
289.34661079999955
294.6148299999996
294.6148299999996
290.6998579999996
292.15705219999955
294.6148299999996
290.6893787999996
292.6309310999996
286.7988323999996
289.7891177999996
290.1546849999996
288.71765209999955
291.38796329999957
292.6278778999996
291.7037467999996
292.21630759999954
289.4994038999996
289.2758005999996
290.70859079999957
292.67073109999956
292.67073109999956
291.2363670999996
285.5681004999996
291.64584779999956
293.97329909999956
292.6507310999996
290.7270262999996
293.1641983999996
292.6731713999996
294.5358259999996
291.5865149999996
289.71905989999965
285.0479748999996
289.1705165999996
292.6117231999996
292.37935739999955
291.43731599999956
292.6507310999996
291.2684691999996
290.68761829999954
286.8386286999996
288.52936329999955
289.7526736999996
292.5859356999996
290.7264321999996
292.67073109999956
291.67361669999957
292.9036611999996
288.8348613999996
288.7159590999996
289.77924989999957
292.5721172999996
286.8671162999996
287.7574683999996
292.6507310999996
288.7530596999996
293.1641983999996
291.7233487999996
292.6711251999996
291.69894539999956
291.2750147999996
290.70702629999954
290.7662321999996
288.8124596999996
290.7456402999996
284.9173877999996
284.9524226999996
288.03950359999965
286.0983593999996
290.02340249999963
287.7557510999996
284.0943034999996
286.57169309999955
285.8999320999996
286.7830496999996
283.94635519999963
291.70354879999957
289.7592498999996
287.93219459999955
287.9312262999996
286.7485044999996
288.0555064999996
292.52432669999956
292.5717270999996
292.93392969999957
285.8642758999996
291.42736529999956
292.65112909999954
291.18784109999956
290.76611379999963
292.4954656999996
286.8586284999996
290.7368463999996
288.3822162999996
288.75814299999956
290.7196579999996
288.79266359999957
294.6148299999996
291.54788729999956
292.6905310999996
294.6148299999996
288.8603532999996
293.4478358999996
292.6309310999996
290.91481989999954
294.6148299999996
292.47761239999954
294.5173922999995
292.6507310999996
287.93258479999963
292.2018005999996
292.57152909999957
294.40283719999957
291.67361669999957
290.57057269999956
284.6373561999996
286.7388345999996
288.27148459999955
287.2768862999996
284.8278556999996
284.8125191999996
290.7066321999996
286.7588323999996
289.7794478999996
290.80504619999954
292.4530156999996
291.73321669999956
294.6148299999996
290.3751927999996
285.92849589999963
291.6837467999996
288.5025661999996
294.6148299999996
288.8331028999996
290.26798049999957
287.7658148999996
289.7895118999996
286.8580345999996
287.6578934999996
286.9404636999996
291.5773571999996
284.9636677999996
289.7296200999996
289.1287202999996
294.5358259999996
292.6837568999996
291.18000079999956
293.0884002999996
289.5605211999996
290.72054629999957
294.5358259999996
290.7196579999996
289.7462625999996
290.3974952999996
290.7357749999996
292.2825901999996
282.83011629999964
282.4001433999997
282.7525325999996
278.81187329999966
284.61105019999957
283.6975132999996
285.62776679999956
285.4826516999997
282.70196689999966
283.3611151999996
279.4800025999997
283.67323649999963
288.4402400999996
287.11728009999956
283.64027469999974
276.5683572999997
272.2474537999997
275.33976509999974
274.45606819999966
278.3613309999996
279.15398719999973
276.9416993999996
275.24960389999967
275.6368050999996
267.68731049999974
261.48687749999976
263.23001139999974
264.7651329999998
279.44153619999963
277.0670543999997
276.0450429999997
276.28326559999965
279.7412847999996
281.6664324999998
275.9021100999997
282.82213729999955
281.34139219999963
277.51196949999974
275.71298139999976
278.6966275999997
278.0515041999996
275.24889879999967
278.5173863999996
277.98749259999965
280.3992590999997
278.40787309999973
278.6643919999996
281.78540959999964
286.30030749999963
281.3407040999997
283.4394828999996
279.2763918999997
285.45243599999964
281.71937309999964
281.4551209999996
280.3412841999996
283.66402479999965
276.73314529999976
285.2156796999996
285.97930719999965
286.34047779999963
284.3351602999997
282.78265849999957
281.2130490999996
277.0690240999997
280.03343419999965
285.12108229999967
288.3507567999996
292.58554309999954
288.4229690999996
291.58708929999955
294.51661619999953
283.50609509999964
287.82560689999957
289.7493177999996
287.6414109999996
285.1361309999996
292.6309310999996
292.63112909999955
290.6668321999996
290.7068323999996
289.7299118999996
282.93082479999964
283.00075509999965
288.7963472999996
283.92253949999963
284.6787733999996
286.8194127999996
290.7196579999996
290.7278046999996
290.55112849999955
290.7396579999996
288.75555909999963
290.7400520999996
284.95011939999966
288.9658553999996
287.7883788999996
290.71965799999964
284.1961285999996
289.7400419999996
290.74682629999955
286.9304623999996
281.99627439999966
287.8612025999997
285.7856679999996
282.8354210999997
280.10887789999964
283.0133848999996
281.31987939999965
281.02958429999967
277.2104263999997
280.6704277999997
282.0750822999996
282.0460064999997
278.78576249999963
279.1104504999997
275.3841334999997
272.32827009999977
272.3805037999997
270.87150279999975
274.2561854999997
276.99438469999967
270.41712979999977
275.0461439999997
276.0753113999997
281.94719659999964
280.9118602999997
279.8174755999997
278.65859459999973
276.5591979999997
277.88242219999967
281.95052289999967
278.1949526999997
288.7307957999996
284.77096049999966
278.0141712999997
276.9572733999997
278.8485660999997
278.8097305999997
282.76103879999965
282.21819359999967
280.6120927999997
280.20828699999964
282.78781129999965
276.05759809999967
275.44636459999964
280.89263459999967
284.71444109999965
286.6581458999997
283.2548392999996
283.7377552999996
286.7161029999996
280.9077261999996
282.78876209999964
286.2378678999996
288.7147735999996
287.74778529999963
290.6490045999996
284.2406276999996
292.6319172999996
288.72352359999957
287.86715339999955
289.7305039999996
290.4170660999996
289.7425435999996
292.4467764999996
293.02706589999957
292.6905310999996
288.7758532999996
288.49297629999967
290.7534739999996
282.53622789999963
286.9864065999996
284.9725457999996
289.4341277999996
284.9335376999996
289.7780935999996
285.10729819999955
283.88736129999955
281.9965448999996
285.8773036999996
279.6478469999996
280.2340053999997
284.87684319999966
284.3736086999996
287.1494673999996
286.45331429999965
292.01095629999963
291.6835487999995
292.4372202999996
285.7915773999996
286.73288509999963
294.4360299999996
294.4956299999996
291.5544166999996
292.2821623999996
289.36383009999963
291.6140166999996
291.67361669999957
292.15454239999957
294.6148299999996
294.6148299999996
289.6897177999996
289.28119619999956
294.6148299999996
288.7615433999996
292.6837568999996
288.73645519999957
288.7918072999996
289.7425435999996
291.73321669999956
291.6835487999996
286.5945995999996
288.8601573999996
286.4089079999996
287.77535099999955
286.5540203999996
287.12854939999966
288.7029334999996
292.27374239999955
290.68663219999956
287.7953489999996
292.6837568999996
290.1894955999996
290.68663219999956
293.1590029999996
290.60920039999957
292.6903428999996
294.59482999999955
291.67361669999957
288.76253349999956
289.7425435999996
288.66293349999955
291.67361669999957
291.49678489999957
290.1734659999996
289.4573950999996
283.98556739999964
284.6816589999996
291.67361669999957
289.3325290999996
289.7425435999996
290.15644829999957
293.64784569999955
292.34849949999955
291.67361669999957
294.5552299999996
294.37958439999954
287.7852189999996
294.5552299999996
292.6247815999996
286.8875044999996
290.4106892999996
288.8302349999996
291.58651499999957
294.6148299999996
290.0782061999996
292.3816600999996
293.30751159999954
291.60533499999957
290.1431847999996
290.70623829999954
291.6441528999996
291.6140166999996
294.6148299999996
292.5527172999996
287.7454188999996
294.5552299999996
291.6334226999996
292.1317140999996
292.6837568999996
291.76216859999954
292.5917270999996
291.7431487999996
287.9700614999996
291.5113770999996
294.6148299999996
290.18165689999955
284.64743139999956
294.6148299999996
294.49681619999956
291.76044499999955
294.6148299999996
292.54505109999957
292.17705219999954
284.3112353999996
294.6148299999996
291.6152028999996
294.49681619999956
288.4335645999996
294.6148299999996
291.7233487999996
294.6148299999996
291.7233487999996
294.6148299999996
291.7037467999996
288.8609472999996
291.7025666999996
288.8516033999996
291.5201273999995
278.83476619999965
281.7042985999996
283.2832232999996
283.6313403999996
278.8114080999996
285.8225063999996
287.6811187999996
283.0781108999996
277.8241392999997
285.75696499999964
283.12784299999964
281.01816789999964
287.2451046999996
283.92001119999964
291.73321669999956
286.82301919999964
288.5884750999996
291.54749139999956
291.6837467999996
289.61150399999957
288.8702172999996
292.6241568999996
289.66064389999957
291.6424311999996
291.6140166999996
294.5552299999996
288.6015604999996
291.73321669999956
288.2731109999996
288.7821354999996
292.67073109999956
290.1880224999996
289.3906811999996
276.26622519999967
292.3417623999996
288.8318675999996
283.4192124999996
288.69503379999963
282.9031115999996
289.4502811999996
291.7233487999996
289.41028119999964
280.05158139999963
283.4625035999996
285.9005221999996
284.6367067999996
289.0885483999996
286.53919799999966
283.04910319999965
291.7526225999996
286.8415904999996
281.73271959999965
282.66545039999966
288.47319659999965
286.2308778999996
288.41159619999956
285.4674871999996
287.3335661999996
287.4740589999996
286.72558099999964
289.1177076999996
292.1182769999996
288.27966459999953
286.97462609999957
284.04390469999964
286.90509399999956
287.9885558999996
286.03757669999965
284.4868168999996
289.93265479999957
292.02467859999956
292.21414239999956
292.1369085999996
292.1557285999996
285.95797869999956
290.20563749999957
292.27374239999955
294.6148299999996
294.6148299999996
292.5087856999996
289.2111153999996
292.3184393999996
288.4764820999996
292.3417623999996
294.6148299999996
285.5396047999996
294.6148299999996
294.6148299999996
291.7037467999996
288.8215394999996
286.8831959999996
290.8052402999996
291.6441467999996
294.49681619999956
286.7607275999996
294.6148299999996
291.42791919999956
289.7062962999996
294.6148299999996
289.63347369999957
290.3873662999996
289.5593608999996
288.44346479999956
289.8023375999996
289.8508896999996
286.5128408999996
285.4279545999996
282.1532653999996
287.3657836999996
288.2699589999997
281.4825306999997
279.63895419999966
286.27928589999965
282.4923389999996
275.8323327999997
281.48335699999967
279.97729309999966
281.4665994999997
280.0049517999997
280.7316172999997
281.03824109999977
274.0621809999997
275.20537729999967
284.8742071999997
281.20948829999963
285.8572770999997
286.5284416999996
286.8866559999996
284.15237449999967
280.9729453999997
291.64869109999955
284.8287661999997
281.72491009999965
279.3750792999997
287.84596179999966
287.60820439999964
287.24179379999964
286.42976449999964
289.17618979999963
289.47173499999957
286.42976449999964
281.18551209999964
284.22224179999967
283.7420387999996
289.5644051999996
286.6827918999996
289.94929199999956
286.7355745999996
286.7523239999996
286.9288726999996
283.8350082999997
283.29725549999966
284.0868294999996
289.5200634999996
283.6483568999996
281.5482697999997
281.60708469999963
284.56979219999965
287.7357229999996
280.83640709999963
279.81818539999966
278.5781125999997
283.38369219999964
276.14315759999965
284.5288228999996
278.44906109999965
281.31690099999963
280.97916529999964
284.85145039999964
283.4887508999997
284.26244819999965
290.0088919999996
282.22324179999964
277.9306689999997
292.2224609999996
288.8118622999996
288.7330635999996
288.4793776999996
290.68663219999956
291.6131571999996
285.0081827999996
288.7724655999996
290.1344599999996
285.9009202999996
293.17427929999957
290.2330659999996
290.0782061999996
289.90761259999965
287.28198279999964
284.85407489999966
281.09779149999963
278.9420391999996
281.0666961999996
281.0096875999996
285.65435629999956
279.93889359999963
280.5484891999996
279.5961636999996
282.8801068999996
282.8499767999996
282.7903767999996
278.3136151999997
280.2844728999996
286.0517032999996
285.9493979999996
285.5449386999996
291.67361669999957
288.82153749999964
285.8409201999996
292.5087856999996
291.5271129999996
290.0360479999996
291.6047427999996
290.26160619999956
292.9006116999996
291.4679089999996
293.01744549999955
287.1845224999996
285.76198039999963
288.87795819999957
281.9996323999996
288.7425334999996
286.4899259999996
293.1590029999996
288.8025274999996
287.6952250999996
288.6262594999996
288.7034932999996
282.00864219999966
282.7844554999996
287.64575519999954
290.04469259999956
286.8614866999996
289.7230377999996
294.6148299999996
289.17904419999957
294.57482999999957
292.08702719999957
279.7945182999996
287.20074849999963
292.1321052999996
289.3296298999996
286.3394087999996
289.22102209999963
284.3755158999996
273.7049970999997
276.1428785999996
280.94442079999965
283.8566840999996
280.8026956999996
277.5169550999996
286.13047869999957
280.9871012999996
283.4276653999996
284.4378055999996
286.3688786999996
283.8861539999996
283.6902985999996
288.20882989999956
284.7877184999996
281.1763455999996
280.9744747999996
283.3265905999996
284.80366849999956
283.77708409999957
289.2306919999996
292.09210529999956
279.5384794999996
286.3092786999996
279.90213619999963
286.8498043999996
283.1904515999996
285.8213201999996
285.8514502999996
280.57327829999963
288.6839216999996
291.55795129999956
291.73321669999956
294.6148299999996
291.72374289999954
289.3336336999996
286.8814598999996
294.5552299999996
289.7206399999996
285.9207121999996
291.6837467999996
292.16219859999956
294.6148299999996
292.29787129999954
291.6140166999996
288.80213349999957
289.9773517999996
289.65508689999956
291.21985279999956
287.53244889999957
292.2738607999997
289.3627775999996
287.6896495999996
288.17249299999963
285.3493072999996
286.45129639999965
286.4811642999996
289.27304749999956
285.22909829999963
290.4152483999996
288.6316589999996
289.7891177999996
292.3652109999996
294.5358259999996
284.3335254999996
288.88113749999957
285.83223449999963
287.3347450999996
288.7920033999996
287.3922421999996
287.8448188999996
285.87105229999963
285.4243312999996
288.7425334999996
287.7556838999996
289.0388233999996
288.4249078999996
287.8405692999996
288.8417354999996
284.1933590999996
288.8516033999996
282.9497708999996
281.00909919999964
282.5037102999996
286.4138255999996
278.0874806999997
285.9699900999996
285.8519762999996
281.2541641999996
286.9205302999996
283.02825689999963
288.7920033999996
288.7920033999996
283.8976035999996
285.8809201999996
282.96917679999956
283.5097024999996
285.7911900999996
291.5367828999996
289.0087529999996
291.67361669999957
287.14712299999957
290.0997758999996
283.0173405999996
285.7735562999996
285.9503880999996
288.5861058999996
287.8044269999996
286.3143306999996
291.73321669999956
291.5963828999996
285.7664093999996
283.6969224999996
286.5785357999996
287.9616646999996
287.1073229999996
285.91039009999963
282.5876791999996
285.8809201999996
288.7920033999996
284.08859389999964
286.8873064999996
287.3810710999996
286.80251649999957
278.20352459999964
284.26581159999967
281.1076377999996
276.42440019999964
280.2261694999996
280.1772935999996
280.93556879999966
283.0883767999996
280.7557091999996
278.7014665999996
280.1708133999996
275.80972319999967
277.2295039999996
281.07480779999963
280.2067634999996
271.5324536999996
276.23896569999965
287.3957763999996
288.8516033999996
288.8516033999996
291.73321669999956
291.67361669999957
294.5552299999996
294.6148299999996
291.56573289999955
294.5552299999996
286.83115859999964
290.14292839999956
286.0067370999996
289.7871613999996
292.4147035999996
291.6152028999996
291.6837467999996
285.0715477999996
284.9038677999996
292.27374239999955
283.96635539999966
288.6637236999996
288.7029334999996
293.0994029999996
289.6634377999996
289.7362924999996
294.41839619999956
291.6241467999996
287.7852188999996
285.6792908999996
288.8019354999996
288.80213349999957
287.8349509999996
284.8343356999996
289.7531678999996
285.8999320999996
288.7920033999996
294.5552299999996
289.7425435999996
291.6837467999996
289.7095178999996
291.7037467999996
288.76253349999956
284.4661503999996
286.83146039999957
291.6140166999996
292.27374239999955
282.6815841999996
290.2898435999996
287.02157159999956
284.0902903999996
282.7284299999996
282.1492851999996
285.1908795999996
276.46709989999965
280.3688174999996
279.3680529999996
276.5761697999996
271.8804148999996
277.6372211999996
275.10392089999965
274.78731779999964
277.1745133999996
279.9681786999996
277.0763074999996
279.9413824999996
280.3849674999996
285.11364579999963
283.1288092999996
281.77887069999963
279.5785773999997
279.6513637999996
279.3487131999997
284.66048399999966
281.81371819999964
289.3820611999996
285.4245916999996
278.31548379999964
286.4709779999996
279.1546037999997
284.18797829999966
286.3729581999996
282.8115981999996
277.78601229999964
278.6933965999997
280.6474275999996
279.1770932999997
277.6672041999997
278.5258045999997
269.93222649999973
280.0864763999996
281.33576889999966
278.3747555999997
276.83467359999963
273.69107159999965
273.7205414999996
270.18992669999966
273.07166969999963
271.3406397999997
274.21232109999966
273.6547564999996
275.59208109999963
274.70410069999963
278.9498849999996
281.55830939999964
280.2150502999996
280.7114390999996
277.83561589999965
289.3921290999996
284.4903727999996
287.4280302999996
279.7308347999996
286.4810458999996
284.5862169999996
289.3921290999996
289.95678369999956
286.5198577999996
282.72353329999964
285.07099269999964
287.9685559999996
286.9815715999996
284.41734709999963
283.4606927999996
286.4214458999996
289.3822611999996
286.4111157999996
284.4670169999996
285.2977898999996
285.8013201999996
288.78153749999956
285.9192082999996
294.6148299999996
291.7037467999996
288.7425334999996
288.80213349999957
294.5552299999996
291.6441467999996
291.7037467999996
288.8510132999996
282.03238659999965
286.8778346999996
288.7922655999996
288.8690508999996
286.8978798999996
283.93716449999965
288.93740089999955
288.0006744999996
287.3984342999996
291.8102641999996
290.7066323999996
282.4980008999996
291.67361669999957
291.7431487999996
285.8609201999996
286.8683647999996
287.8648188999996
285.8508522999996
275.7452141999996
281.1076357999996
285.9799221999996
285.9799221999996
279.15536009999965
283.0589710999996
285.92862959999957
288.8316033999996
291.73321669999956
287.3263064999996
281.51400999999964
281.59433149999967
284.4643011999996
285.30280769999956
290.2279197999996
287.3361763999996
293.1590029999996
291.2700379999996
290.2573896999996
287.3758405999996
288.28382089999957
290.5799187999996
283.2840784999996
287.3957763999996
283.9790249999996
283.0389068999996
283.0287767999996
285.9699900999996
274.76415819999966
281.0770839999996
288.8516033999996
285.9699900999996
284.4299878999996
282.9691767999996
281.11304159999963
288.7920033999996
281.9621942999996
288.6639729999996
285.9304522999996
291.70315079999955
291.6637487999996
289.7291198999996
289.7390519999996
288.7425334999996
291.6441467999996
285.7911900999996
288.78173749999956
288.7225333999996
289.76911789999957
282.94943899999964
294.5552299999996
289.7493178999996
288.8015433999996
294.6148299999996
294.6148299999996
285.8908522999996
294.6148299999996
292.5340777999996
289.7095178999996
284.83413579999956
280.85640809999967
280.91600809999966
280.9261381999996
283.8572213999997
288.7225334999996
288.7227334999996
288.7425334999996
291.67361669999957
288.7425334999996
288.79200339999954
285.29267759999965
285.8607221999996
287.27657639999956
287.8050188999996
288.7821354999996
282.9300368999996
283.94577529999964
288.8390027999996
288.7324033999996
283.8861011999996
285.85019999999963
277.05669019999965
276.24499269999967
280.02744359999963
280.91890369999965
278.9319090999996
281.9816003999996
282.93970689999963
285.8011221999996
281.9621942999996
285.7911900999996
282.3963589999996
291.67361669999957
291.7037467999996
290.8052402999996
290.1546521999996
291.7134166999996
285.8741457999996
288.7920033999996
288.5691633999996
287.81534899999957
291.7031527999996
291.73321669999956
288.7324033999996
290.7266321999996
291.70374679999964
280.0290837999996
283.9505072999997
288.76253349999956
288.7029334999996
287.8745509999996
288.8516675999996
289.76911789999957
285.9098602999996
289.7396479999996
286.79843469999963
291.7037467999996
291.7037467999996
289.7726736999996
289.7198479999996
288.7726635999996
287.80567929999955
291.70374679999964
285.8815803999997
276.14898199999965
279.18044529999963
282.0521264999996
272.2863023999997
272.4108963999997
269.54829119999977
272.4101044999997
277.3638944999997
275.3933155999997
272.46845019999967
277.36063469999965
281.1433540999996
275.95040779999965
283.8772153999996
284.93294379999963
284.9329437999996
288.8741671999996
286.86770459999957
290.2030843999996
287.8741570999996
291.7219726999996
285.9993747999996
292.6837568999996
291.6140166999996
294.5552299999996
292.60465109999956
291.6837467999996
288.4069499999996
291.7037467999996
294.6148299999996
290.2626843999996
292.5911311999996
291.66374879999955
289.6634377999996
291.7627507999996
288.8221334999996
294.6148299999996
294.6148299999996
289.7922756999996
291.7233487999996
288.8352552999996
285.9100621999996
287.3611352999996
285.8507900999996
286.79942669999963
284.9428134999996
291.76216669999957
291.73321669999956
288.8516033999996
289.1411067999996
292.6837568999996
293.08469769999954
294.6148299999996
288.8910695999996
291.7815726999996
288.8401769999996
291.67361669999957
294.6148299999996
285.82092209999956
291.34816329999956
288.4168820999996
285.5834443999996
287.74541889999955
282.8306369999996
282.5447855999996
285.4061366999996
285.8609201999996
288.7920033999996
286.8081045999996
284.8091902999996
278.12346469999966
280.0580935999996
283.9462912999996
282.9298369999996
285.8809201999996
280.10782569999964
280.08762569999965
277.2158803999996
278.5842012999997
285.9103900999996
285.4722168999996
273.3182125999997
282.7033233999996
277.2845620999996
279.1801789999996
281.10447799999963
276.2277197999996
281.0952663999996
282.0255481999996
286.7984346999996
285.5914168999996
281.1562196999996
283.7267180999996
283.05831089999964
284.9432075999996
285.9110502999996
288.8516033999996
285.5849366999996
285.5914168999996
283.2879779999996
278.01493699999963
273.6792154999997
275.9660440999996
278.24582239999967
278.2462204999996
276.01261829999964
277.22891199999964
281.1278337999996
280.83833049999964
280.1592771999996
286.92053029999965
286.8609302999996
277.7815670999997
281.0977036999996
284.0389169999996
279.1435369999997
277.35224859999965
285.8609201999996
286.00899799999956
280.02796349999966
283.0684409999996
291.7085313999996
289.7594479999996
291.6837467999996
291.67361669999957
291.6441467999996
286.8609302999996
286.7784346999996
292.69053119999955
294.6148299999996
288.76253349999956
288.7225334999996
294.6148299999996
294.5552299999996
283.90037719999964
286.82836479999963
282.8997108999996
291.7134166999996
294.6148299999996
289.7396479999996
291.66394679999956
292.6719014999996
291.7627507999996
291.76275079999954
291.73321669999956
294.6148299999996
292.5911311999996
291.67361669999957
285.89045429999965
291.70315079999955
289.77885199999963
288.8516675999996
291.7627507999996
293.1146792999996
291.66394679999956
285.7918502999996
288.6433334999996
287.7159491999996
282.79088869999964
291.5549285999996
284.2509631999996
281.9373899999997
278.0564862999997
282.97587649999963
277.49029239999976
276.5437019999997
277.49068619999974
279.9779332999996
277.64291209999976
272.38020029999984
277.86785529999963
282.9401346999996
275.27536909999964
277.16585409999976
278.1239566999996
276.07526079999974
283.85745109999965
282.95914659999966
280.13486269999964
277.25617429999977
278.6071928999997
273.3581045999997
277.2059948999997
276.0805439999997
283.3848806999999
278.6486126999998
274.61083309999975
279.0119368999997
279.9486295999997
280.1355688999997
284.3210853999997
281.0582817999996
279.61772909999974
273.73516209999974
272.18568389999984
277.07147229999964
272.3873773999997
271.29461889999976
274.7553767999996
280.0155869999997
274.6767707999998
275.7223749999998
271.31511579999983
271.8541614999998
268.94307829999974
263.1009120999998
258.2159633999999
267.96687359999976
260.46140289999977
260.2813723999998
266.91763579999997
268.9207199
258.1960049
265.7157096999999
269.8456846
267.96089999999987
263.0903041999998
268.2948421999998
260.1238286999999
267.6022761999999
266.25216329999984
261.5418899999998
262.93030559999994
271.6398039999998
266.7189893999998
268.7877249999999
270.6632852999998
267.8593739999998
278.38587589999975
276.39586989999975
274.50217159999977
276.99845629999976
267.88964459999966
277.01817049999977
272.1764616999998
273.20806899999974
274.0698568999998
276.97876829999973
278.6264027999997
281.3904001999997
283.7937448999997
280.87612819999964
281.86409859999964
283.84681119999965
275.0634314999997
280.9657097999997
279.0016109999997
277.4706565999997
276.0898177999997
283.72879739999973
278.9514331999997
276.16830179999965
284.89325979999967
281.84776109999973
279.1133909999997
280.39713159999974
285.43600639999966
288.22857519999957
286.7445783999997
288.2385072999996
288.2777132999996
285.2974919999996
283.07973529999964
288.16897519999964
289.2260836999996
287.2615906999996
289.7139614999997
286.8323481999996
288.2828309999996
287.21697639999957
288.2440209999996
290.1883197999996
288.22402099999965
289.1849252999996
285.80178039999964
286.3397219999996
285.3412737999996
294.6148299999996
291.66374679999956
294.6148299999996
291.67361669999957
292.69053119999955
289.7493178999996
294.6148299999996
290.72174699999954
288.7324033999996
286.8580345999996
288.7726635999996
288.7922655999996
292.6837568999996
292.6837568999996
292.0358148999996
289.8504995999996
283.9793169999996
289.29841039999957
291.6140166999996
290.5603834999996
293.3653413999996
291.67361669999957
286.8910603999996
290.80504619999954
289.7986519999996
290.03514029999957
294.6148299999996
294.6148299999996
291.7037467999996
291.6837467999996
293.17427929999957
291.7627507999996
290.7611489999996
289.7147626999996
291.6688305999996
292.6508303999996
291.6688305999996
292.65083039999956
286.7785338999996
292.65083039999956
283.9860546999996
283.93592849999965
290.6867315999996
289.7791491999996
290.66634739999955
286.74707429999967
284.81394219999964
286.7040176999996
284.6953342999997
284.8345342999997
286.7776469999996
287.51931579999956
285.8062721999996
288.6084172999996
286.7621343999996
290.58713159999957
289.7096170999996
291.6688305999996
290.7002514999996
292.65083039999956
289.6601471999996
285.2253460999996
286.7917596999996
292.1622978999996
290.70174699999956
286.3399829999996
289.7788637999996
289.76911789999957
293.63283019999955
287.3361763999996
291.73321669999956
285.9069716999996
288.7726635999996
288.7922655999996
288.7625334999996
291.70374679999964
291.70374679999964
285.90927799999963
291.7037467999996
287.40923879999957
284.9042657999997
288.7926635999996
284.38091799999967
282.8807670999997
280.02928389999965
273.2390789999997
276.58473339999966
275.1346957999997
275.9594208999997
276.1705559999996
277.11820069999965
274.17698739999975
280.0292838999996
281.96325249999967
279.9798139999997
278.1445890999996
280.4652297999997
285.86158039999964
286.7339492999996
288.7029334999996
285.82198039999963
289.7130736999996
291.6441467999996
286.57737849999967
291.6140166999996
294.5552299999996
291.5647447999996
290.61756249999956
291.56454679999956
289.18658079999955
291.5049467999996
294.4956299999996
291.5544166999996
290.9695901999996
291.5049467999996
289.6829435999996
288.76253349999956
291.6140166999996
290.1581896999996
291.6140166999996
291.59401669999954
288.7275180999996
288.7225354999996
291.5544166999996
294.43602999999956
287.6163489999996
289.6002499999996
291.49481669999955
290.07499459999957
290.5716247999996
285.82052819999967
289.6004499999996
292.4719311999996
294.4360299999996
294.4160299999996
289.61347569999964
292.45272719999963
292.4325213999996
292.8462976999996
293.17583019999967
291.2069467999996
288.30573149999964
294.23722999999956
288.40433749999966
288.4645334999996
291.3358166999996
289.3717178999996
292.3232613999996
290.4484321999996
291.43521669999956
285.4934502999996
291.1671467999996
292.11413119999963
288.19626559999966
289.1620657999996
288.09706559999967
291.93533309999964
293.8400299999996
291.91899099999966
290.6654464999997
288.06653749999964
290.95841669999965
288.19934369999964
290.93841669999966
291.8373173999997
285.87328309999964
289.8176641999997
284.9719520999998
287.03525089999965
285.0713500999997
292.2809696999996
286.41878719999966
288.0867333999997
288.1661333999997
293.7008299999996
287.8978033999997
291.83613119999967
288.0461709999997
292.5951421999996
287.17895099999964
293.8002299999996
289.5472843999996
288.18633349999965
291.0776166999997
290.7582434999996
291.01801669999963
288.22553749999963
284.16826999999967
293.8400299999996
290.91071499999964
290.59944349999967
290.9780166999996
290.95841669999965
293.7849232999996
290.7796166999996
289.83203429999975
290.6256522999997
289.07571779999967
285.7269341999997
292.06620299999963
291.9867989999997
287.61136629999964
289.5092190999997
278.44615139999974
288.17711369999967
288.5828975999996
289.4729197999996
290.4201041999997
291.0281467999996
291.82935689999965
293.7404299999996
290.5447512999997
289.0842144999997
288.6155446999997
287.54916029999964
282.52539039999976
290.4406434999997
282.72634379999965
287.44002619999964
280.6220717999997
287.8865642999997
287.99720339999965
293.82002999999963
293.7404299999996
290.6194434999996
289.9920242999996
293.9392299999996
288.7479703999997
289.99123439999966
284.3155212999997
293.7008299999996
280.79939909999973
290.67942659999966
284.31844369999976
285.26799679999965
277.7783357999997
289.81243219999965
289.55845559999966
290.6584542999997
287.23965699999974
293.5816299999997
287.6596675999997
286.3942339999997
289.7314581999997
289.5938321999996
290.06521569999967
281.45649859999963
289.33881649999967
285.4945481999996
288.6553446999996
293.8000299999996
286.01298259999965
290.7782434999996
289.2681111999997
292.96971739999964
293.9844685999996
294.07842999999957
288.25560339999964
291.1102933999996
289.2030479999996
294.1976299999996
290.8124187999996
286.9675203999996
289.8105217999996
289.46941059999966
288.43449279999965
288.3159081999996
288.70689179999965
285.00971449999963
289.45373519999964
288.09651999999966
288.09592199999963
284.4385881999997
281.97528959999966
283.5105225999997
284.86852989999966
280.50063139999975
282.03627859999966
281.62602379999964
282.13381399999963
273.09538789999965
278.2581843999996
280.7976685999997
280.3369541999997
281.0065093999997
275.55256089999966
282.50993619999963
286.81937659999966
281.8674085999997
283.7880409999997
279.1604820999996
280.9464276999997
282.39198879999964
283.85356779999967
283.38842789999967
279.13793259999966
280.1772512999997
282.4171086999997
283.0013336999997
279.4115716999996
279.3773477999997
280.51783269999964
283.28093819999964
285.34403899999967
285.31708559999964
283.4383545999996
283.4793993999997
279.0049813999997
285.0809744999996
286.9638711999997
286.3071525999996
286.65552789999964
289.3669678999996
289.4250846999996
286.4887277999996
288.3101955999996
289.9599856999996
286.51096499999966
292.80140299999965
285.8502089999996
291.05960409999955
290.7889865999996
294.3764299999996
290.9849998999996
290.89502259999955
294.49562999999955
290.9128024999996
294.43602999999956
291.4185493999996
293.2655453999996
287.19495799999964
286.4557771999997
281.0654441999998
288.5836069999997
285.3000843999996
288.88178909999965
292.15466079999965
290.6841284999996
290.71411009999963
289.00027739999973
289.2730474999996
289.25304749999964
290.9841761999996
289.11947739999954
285.24015949999966
291.8546130999996
290.45346419999964
290.3839320999996
291.87979259999963
289.46977349999963
293.26554539999955
291.39407229999955
285.6762119999997
291.2630267999996
291.40084659999957
291.8240166999997
284.54116959999965
286.3313023999996
282.5029007999997
289.1938434999996
292.0354607999996
290.07390859999964
291.4008465999996
282.4986312999996
289.0598773999996
286.3577902999997
285.30064729999975
286.4269898999997
288.1086150999996
292.0950607999996
287.4068686999997
281.8161376999996
277.74333869999964
280.45993369999974
281.32986869999974
280.90953739999975
281.4118462999996
279.15239969999965
280.2080050999997
273.13906829999974
281.19335199999966
280.1801565999998
276.3316543999997
277.91029859999986
278.8711419999998
279.52683469999965
281.06082219999973
279.6407670999998
277.6540366999997
279.3288715999997
279.5811670999998
279.78466719999966
279.4294260999996
279.47630769999967
276.2532155999998
274.50435649999986
276.8721647999996
276.9597883999997
279.5019630999998
276.6399537999998
270.8114679999998
269.08226479999985
272.6042344999997
270.0335337999997
272.0509318999998
272.7727560999997
268.98641049999975
267.0845784999999
267.91798009999985
270.62724459999976
267.5556980999999
270.1491040999998
268.59810639999984
273.6544543999997
274.8166118999997
277.7578251999998
276.7043344999998
271.81199549999974
273.25288199999983
272.7616861999998
278.2989365999997
280.4011898999998
274.5784211999997
274.18339609999975
273.7091874999998
273.41662639999976
274.95231469999976
278.06389799999977
275.2230651999998
275.70451729999974
280.6594176999997
277.22993629999974
276.34711219999974
279.7565757999997
274.2320057999997
279.6373390999997
279.4893271999997
271.53205939999975
271.1250220999998
268.8631212999997
267.9347861999997
276.8251276999997
274.4888824999997
276.57550409999965
277.8101981999996
276.72666869999966
281.1887641999997
284.5611054999996
284.57564219999966
288.97583949999967
288.42669579999966
286.18316429999965
281.1932827999996
279.05183929999976
285.0421495999996
283.3310208999996
274.6505915999997
279.0511971999996
286.1272925999996
277.8427341999997
283.99912569999964
277.9586832999996
279.9087634999996
280.8066758999996
281.37132869999965
283.5765496999996
286.4597468999996
288.8647640999996
289.12167859999965
287.3048226999996
287.5950979999996
287.1422535999996
290.2385831999996
288.0553946999996
289.1408062999996
291.0562079999996
289.5326782999996
292.2026819999996
292.2026819999996
288.4971637999996
286.9385686999996
289.6823055999996
290.3379831999996
292.2741057999996
293.2921025999996
293.3503421999996
288.6323779999996
289.07131569999956
290.5271426999996
290.5271426999996
293.4683559999996
290.86605499999956
284.1155126999996
289.6708307999996
291.17540799999955
285.9810466999996
287.7368881999996
287.2521948999996
289.15328339999957
287.2105352999996
287.73598599999957
287.5816771999996
284.0745773999996
280.4279661999996
284.0521551999997
280.57114669999964
278.47380159999966
282.5985035999996
283.55774719999965
283.7652243999996
280.3705761999996
285.00195979999967
284.2484243999997
281.47965519999957
283.64829869999966
286.46175659999955
286.0632913999996
284.84450479999964
287.35232769999953
282.8122505999997
284.4268143999996
286.96605859999966
284.10568799999965
281.8542195999996
287.5720310999996
286.0689986999996
285.9713767999996
282.8573977999996
287.0877206999996
291.1754079999996
288.03186529999965
291.1754079999996
289.41079879999955
293.4683559999996
290.5271426999996
286.4554447999996
287.51803969999963
285.7115606999996
284.3004798999997
288.0845406999996
286.6043897999996
290.4291228999996
280.69671849999963
279.8127193999997
284.13356809999965
286.18219139999957
286.5895045999996
286.70916479999966
286.58950459999966
286.6491045999996
279.93889359999963
285.76172019999956
279.03902479999965
280.8262779999996
282.8205068999996
280.8862719999997
285.55397629999965
286.6491045999996
285.68212019999964
291.4364028999996
294.49562999999955
292.55100009999956
290.3360668999996
294.6148299999996
294.51681019999955
294.6148299999996
294.6148299999996
286.8301801999996
288.8512695999996
284.9824739999997
281.13665809999964
276.99887519999965
274.1947352999997
272.54508029999977
274.3375514999996
275.7332597999997
273.42612739999976
270.62117539999974
267.72890229999973
280.1060418999997
275.34072999999967
281.99958879999963
283.95977529999965
283.9597752999996
285.0199417999996
285.92263879999956
283.37575779999963
283.9673751999997
284.87106049999966
284.02049519999963
284.0326700999996
285.99057989999966
284.8576040999996
282.1117281999996
284.89866149999966
285.9415040999997
274.4246491999997
280.96958069999965
278.9458818999997
279.04903179999974
276.14674199999973
274.25768929999975
274.43471709999966
267.6189861999997
270.4807960999996
268.5168342999997
273.4260964999997
274.3137397999997
278.1623644999996
270.06586019999986
275.30421719999975
275.3046120999997
273.45718219999964
272.4081339999997
264.6897524999997
264.6302404999998
266.72512489999974
266.7409511999997
261.9148408999998
